XValues. YValues. YValuesErrors  
   2.63   6.54   0.00 
   1.52   2.66   0.11 
   7.88   37.48   0.18 
   7.01   27.14   1.19 
   1.73   3.13   0.08 
   1.96   4.16   0.05 
   6.24   27.75   0.54 
   7.83   33.67   1.14 
   0.55   0.58   0.01 
   10.75   57.10   2.62 
   7.00   26.59   0.93 
   0.92   1.28   0.01 
   7.26   32.49   0.89 
   5.98   20.80   0.65 
   0.56   0.65   0.03 
   4.66   13.56   0.40 
   6.11   22.32   0.18 
   11.26   71.90   2.99 
   8.87   43.09   0.58 
   3.34   9.67   0.26 
   3.36   9.06   0.07 
   10.66   52.54   1.13 
   7.80   31.53   0.10 
   9.29   39.65   1.68 
   5.70   19.62   0.50 
   1.26   2.01   0.02 
   1.02   1.63   0.02 
   5.42   20.21   0.88 
   9.59   40.87   1.69 
   1.61   2.95   0.07 
   5.92   21.66   0.44 
   9.71   45.68   0.80 
   0.06   0.02   0.00 
   6.90   30.68   0.53 
   0.87   1.15   0.03 
   8.02   38.36   0.98 
   5.19   18.40   0.01 
   0.08   0.03   0.00 
   9.43   46.28   0.63 
   0.86   1.15   0.04 
   11.02   52.63   1.82 
   8.68   44.12   1.77 
   2.63   6.90   0.04 
   11.25   54.48   0.98 
   8.41   36.90   0.69 
   11.68   66.50   0.05 
   5.23   20.15   0.65 
   7.37   29.45   0.56 
   5.79   22.77   0.60 
   7.46   35.47   0.71 
   11.69   66.05   1.47 
   3.77   10.54   0.52 
   0.75   0.92   0.04 
   1.93   3.99   0.10 
   3.23   8.92   0.12 
   6.55   26.88   0.14 
   2.55   5.82   0.27 
   8.92   43.28   0.39 
   1.82   3.77   0.09 
   1.78   3.28   0.07 
   5.24   18.74   0.74 
   4.30   14.31   0.46 
   11.76   71.88   2.43 
   11.90   68.92   0.90 
   0.76   0.94   0.00 
   1.36   2.25   0.00 
   5.89   25.11   0.73 
   9.51   44.18   0.52 
   1.15   1.83   0.05 
   8.82   37.09   1.70 
   3.29   8.48   0.29 
   1.43   2.54   0.10 
   10.12   51.09   1.37 
   8.88   42.84   1.26 
   9.51   39.93   1.79 
   0.56   0.62   0.03 
   0.49   0.49   0.01 
   4.32   13.88   0.01 
   4.23   12.50   0.52 
   0.87   1.19   0.05 
   11.61   52.21   0.31 
   6.83   26.02   0.21 
   2.60   6.02   0.11 
   0.48   0.49   0.01 
   4.56   16.20   0.62 
   10.40   58.05   1.05 
   11.81   56.24   1.11 
   9.86   53.34   1.79 
   3.91   10.74   0.22 
   9.83   43.84   1.83 
   5.78   20.66   0.92 
   6.56   29.22   1.03 
   7.09   32.51   0.70 
   2.25   5.43   0.09 
   10.95   64.40   2.04 
   10.32   45.93   1.25 
   2.11   4.79   0.23 
   5.00   16.38   0.45 
   2.46   5.94   0.18 
   10.59   59.38   1.71 
