XValues. YValues. YValuesErrors  
   8.22   777.90   6.81 
   48.38   409.17   4.39 
   12.68   71.45   1.70 
   41.87   391.13   7.57 
   36.66   302.37   8.61 
   31.99   848.70   3.73 
   43.61   1041.30   0.55 
   49.23   233.86   2.36 
   26.43   222.44   3.36 
   15.14   293.84   0.73 
   29.24   204.10   5.30 
   29.32   760.59   8.42 
   12.63   1.55   9.79 
   40.14   825.02   10.10 
   35.00   164.20   4.39 
   28.61   975.66   4.52 
   46.43   495.72   4.90 
   14.00   225.01   9.89 
   42.96   657.51   7.01 
   29.32   1007.49   6.43 
   19.99   738.27   6.84 
   28.17   736.83   3.79 
   25.20   7.06   9.50 
   44.77   819.43   5.53 
   33.31   859.13   1.80 
   5.35   467.41   8.71 
   15.15   974.24   2.32 
   25.82   553.57   7.87 
   45.76   665.24   1.06 
   39.24   897.37   7.66 
   9.88   350.11   2.10 
   22.03   121.21   4.44 
   28.42   1029.36   2.75 
   46.90   1017.98   0.38 
   22.84   364.93   2.37 
   28.29   265.29   6.85 
   5.04   733.93   4.47 
   0.57   506.74   0.42 
   19.38   775.83   1.63 
   47.72   486.33   0.05 
   26.44   951.79   10.10 
   44.72   297.32   7.06 
   0.25   880.20   1.06 
   41.52   119.83   8.57 
   28.73   829.87   5.80 
   13.68   872.34   5.09 
   31.16   45.11   7.82 
   11.74   824.13   0.90 
   25.85   1014.23   7.56 
   34.32   629.71   9.88 
   40.80   380.44   5.70 
   10.52   406.62   9.26 
   42.99   507.66   7.44 
   0.04   367.05   0.24 
   15.31   1014.17   7.86 
   5.46   869.29   5.73 
   6.65   763.35   7.96 
   44.76   847.71   4.52 
   10.42   581.44   3.25 
   42.90   215.08   2.15 
   35.57   798.99   0.90 
   24.45   902.11   8.65 
   17.60   192.55   7.82 
   12.96   663.61   4.94 
   32.33   644.05   4.67 
   6.86   62.23   4.11 
   49.75   315.27   10.12 
   13.02   310.81   3.90 
   22.23   288.39   0.57 
   17.07   513.11   4.71 
   18.60   583.73   0.75 
   5.13   23.43   4.86 
   25.15   137.13   5.57 
   6.16   999.32   7.31 
   3.95   483.27   9.42 
   18.99   375.73   0.55 
   46.51   242.16   6.96 
   24.59   795.14   1.10 
   48.16   704.61   9.55 
   11.21   924.21   2.26 
   22.47   702.11   0.72 
   16.68   663.46   0.07 
   37.86   401.82   9.61 
   29.71   429.84   3.57 
   3.83   345.94   9.32 
   47.72   732.65   7.65 
   28.21   565.21   6.62 
   15.61   804.96   8.30 
   17.42   328.84   2.89 
   32.17   85.10   4.01 
   11.46   815.96   8.69 
   30.57   980.83   3.47 
   40.25   384.78   6.42 
   19.40   712.26   0.07 
   17.87   655.34   0.42 
   44.50   585.07   0.51 
   28.06   419.53   8.52 
   10.82   355.34   9.12 
   8.48   1046.79   5.67 
   41.85   1001.73   9.20 
