XValues. YValues. YValuesErrors  
   12.99   26.09   0.60 
   48.20   73.86   1.96 
   21.43   36.46   0.59 
   35.42   61.07   3.03 
   19.99   35.94   1.45 
   11.86   23.69   0.62 
   40.74   63.14   0.36 
   1.86   8.73   0.17 
   40.26   63.25   1.14 
   10.39   21.06   0.18 
   15.35   28.02   0.61 
   3.63   10.65   0.41 
   27.15   45.12   0.72 
   24.26   40.88   1.69 
   40.23   63.20   1.01 
   24.84   42.38   1.69 
   31.04   48.37   0.18 
   8.56   17.87   0.32 
   22.41   37.96   0.41 
   11.73   23.10   0.14 
   44.70   70.37   3.18 
   46.32   74.24   1.46 
   48.95   75.40   0.89 
   35.82   57.41   2.66 
   3.71   11.66   0.02 
   48.58   80.67   2.81 
   33.68   52.22   2.03 
   28.21   46.41   1.80 
   27.41   46.96   1.41 
   33.19   56.06   1.87 
   35.51   57.85   0.07 
   49.62   77.73   3.43 
   39.87   63.70   1.48 
   15.82   29.06   0.79 
   48.59   78.44   0.10 
   33.12   54.73   2.68 
   49.43   82.59   3.84 
   14.28   25.55   1.07 
   41.94   62.76   2.90 
   0.51   6.08   0.08 
   28.84   46.95   1.78 
   44.16   74.32   0.26 
   44.61   68.25   2.12 
   9.91   20.44   0.97 
   12.48   24.37   0.29 
   28.01   44.83   1.57 
   42.72   69.70   1.21 
   24.03   42.43   0.52 
   29.10   48.07   1.51 
   1.52   7.93   0.27 
   24.73   43.34   1.75 
   14.12   25.43   1.15 
   16.94   31.23   0.38 
   15.49   29.34   0.97 
   2.35   9.02   0.02 
   14.14   26.29   1.13 
   17.95   33.18   1.12 
   19.43   32.09   0.27 
   12.84   25.36   0.31 
   13.94   24.50   0.05 
   40.20   63.17   0.72 
   14.12   25.58   1.06 
   0.74   6.55   0.09 
   5.69   13.73   0.24 
   17.10   30.55   1.46 
   3.00   9.94   0.28 
   2.41   9.39   0.46 
   27.50   47.20   1.91 
   2.05   8.50   0.20 
   45.26   72.59   3.62 
   7.70   17.21   0.23 
   44.89   72.28   2.43 
   29.88   51.12   1.34 
   34.77   53.11   2.04 
   9.51   19.00   0.10 
   34.86   59.25   0.55 
   40.28   61.21   2.69 
   14.76   28.47   1.14 
   5.06   13.64   0.40 
   8.40   18.51   0.05 
   40.94   61.36   1.00 
   13.32   24.72   0.76 
   5.29   13.11   0.51 
   21.26   36.01   0.66 
   19.09   35.15   1.53 
   49.64   80.54   1.43 
   19.32   35.44   1.51 
   21.29   36.28   1.63 
   34.23   58.38   0.19 
   9.00   19.33   0.47 
   26.82   43.38   1.81 
   10.46   22.08   0.57 
   6.83   16.19   0.18 
   44.99   73.41   2.52 
   46.13   76.01   2.55 
   27.56   47.77   1.95 
   49.81   83.85   0.23 
   36.36   62.49   1.82 
   17.01   31.68   0.75 
   3.15   10.60   0.26 
