#AGE= 1.500 EEPS=272
#EEP M/Mo LogTeff LogG LogL/Lo open gp1 rp1 ip1 zp1 yp1 wp1
3 0.105747 3.5080 5.2992 -2.8515 12.3399 14.5931 13.3533 12.0304 11.4493 11.1935 12.9011
4 0.120504 3.5081 5.2382 -2.7335 12.0441 14.2896 13.0535 11.7351 11.1549 10.8983 12.6041
5 0.140932 3.5085 5.1695 -2.5954 11.6963 13.9285 12.6974 11.3875 10.8097 10.5529 12.2534
6 0.184903 3.5139 5.0893 -2.3759 11.1252 13.2800 12.0649 10.8145 10.2548 10.0063 11.6601
7 0.238198 3.5220 5.0334 -2.1768 10.6047 12.6621 11.4711 10.2928 9.7583 9.5164 11.1113
8 0.292791 3.5297 4.9922 -2.0154 10.1792 12.1524 10.9816 9.8658 9.3549 9.1204 10.6601
9 0.310804 3.5323 4.9765 -1.9635 10.0418 11.9885 10.8233 9.7279 9.2254 8.9937 10.5140
10 0.317001 3.5332 4.9690 -1.9440 9.9906 11.9283 10.7651 9.6765 9.1768 8.9461 10.4599
11 0.320474 3.5336 4.9635 -1.9318 9.9590 11.8919 10.7297 9.6450 9.1467 8.9164 10.4267
12 0.324927 3.5341 4.9551 -1.9157 9.9181 11.8464 10.6857 9.6041 9.1070 8.8769 10.3847
13 0.330130 3.5348 4.9467 -1.8979 9.8722 11.7938 10.6356 9.5582 9.0626 8.8329 10.3369
14 0.337372 3.5355 4.9368 -1.8753 9.8140 11.7271 10.5718 9.5000 9.0065 8.7774 10.2765
15 0.353260 3.5378 4.9255 -1.8356 9.7091 11.5991 10.4512 9.3942 8.9071 8.6803 10.1648
16 0.378598 3.5421 4.9070 -1.7717 9.5392 11.3905 10.2549 9.2216 8.7470 8.5259 9.9824
17 0.436336 3.5537 4.8534 -1.6072 9.0965 10.8496 9.7330 8.7756 8.3404 8.1349 9.5032
18 0.456332 3.5586 4.8331 -1.5482 8.9369 10.6520 9.5427 8.6141 8.1952 7.9963 9.3290
19 0.468248 3.5618 4.8207 -1.5121 8.8386 10.5285 9.4221 8.5141 8.1068 7.9128 9.2202
20 0.482354 3.5658 4.8060 -1.4683 8.7187 10.3774 9.2745 8.3935 8.0004 7.8119 9.0875
21 0.492842 3.5691 4.7939 -1.4336 8.6221 10.2540 9.1517 8.2978 7.9171 7.7327 8.9797
22 0.499006 3.5710 4.7854 -1.4117 8.5600 10.1748 9.0712 8.2380 7.8652 7.6829 8.9104
23 0.502179 3.5716 4.7796 -1.3998 8.5292 10.1414 9.0386 8.2097 7.8387 7.6554 8.8789
24 0.504177 3.5716 4.7750 -1.3921 8.5184 10.1391 9.0418 8.1997 7.8243 7.6372 8.8734
25 0.507568 3.5721 4.7691 -1.3801 8.4974 10.1199 9.0303 8.1765 7.7968 7.6079 8.8558
26 0.513611 3.5739 4.7614 -1.3594 8.4475 10.0574 8.9688 8.1235 7.7476 7.5601 8.8011
27 0.523353 3.5774 4.7516 -1.3271 8.3596 9.9411 8.8498 8.0338 7.6706 7.4878 8.7005
28 0.537999 3.5830 4.7396 -1.2803 8.2251 9.7597 8.6669 7.8991 7.5582 7.3833 8.5453
29 0.557827 3.5915 4.7254 -1.2177 8.0404 9.5073 8.4158 7.7166 7.4078 7.2444 8.3318
30 0.585108 3.6036 4.7080 -1.1323 7.7842 9.1538 8.0691 7.4673 7.2052 7.0573 8.0355
31 0.710085 3.6586 4.6555 -0.7860 6.7533 7.7078 6.8439 6.4975 6.3598 6.2746 6.8974
32 0.729187 3.6678 4.6456 -0.7274 6.5889 7.4777 6.6559 6.3422 6.2216 6.1439 6.7184
33 0.750092 3.6783 4.6370 -0.6634 6.4071 7.2172 6.4506 6.1720 6.0693 6.0009 6.5209
34 0.775582 3.6910 4.6276 -0.5873 6.1893 6.9052 6.2124 5.9696 5.8841 5.8276 6.2866
35 0.815178 3.7105 4.6137 -0.4719 5.8658 6.4562 5.8688 5.6685 5.6048 5.5659 5.9425
36 0.926443 3.7545 4.5582 -0.1810 5.1193 5.5097 5.0946 4.9682 4.9475 4.9402 5.1612
37 0.940946 3.7585 4.5481 -0.1484 5.0392 5.4130 5.0128 4.8928 4.8758 4.8707 5.0784
38 0.948735 3.7601 4.5425 -0.1338 5.0014 5.3673 4.9743 4.8569 4.8414 4.8372 5.0394
39 0.965484 3.7648 4.5305 -0.0954 4.9069 5.2540 4.8777 4.7676 4.7563 4.7550 4.9416
40 0.981012 3.7691 4.5189 -0.0599 4.8207 5.1515 4.7896 4.6860 4.6783 4.6794 4.8526
41 0.995840 3.7729 4.5073 -0.0261 4.7389 5.0550 4.7064 4.6087 4.6044 4.6076 4.7683
42 1.012090 3.7771 4.4947 0.0102 4.6508 4.9511 4.6167 4.5254 4.5246 4.5301 4.6775
43 1.036677 3.7832 4.4752 0.0642 4.5198 4.7969 4.4833 4.4013 4.4057 4.4145 4.5426
44 1.059042 3.7883 4.4567 0.1125 4.4040 4.6623 4.3657 4.2915 4.3001 4.3117 4.4236
45 1.073102 3.7916 4.4442 0.1438 4.3297 4.5771 4.2905 4.2211 4.2320 4.2454 4.3474
46 1.095219 3.7964 4.4258 0.1903 4.2182 4.4481 4.1773 4.1153 4.1301 4.1461 4.2329
47 1.176783 3.8117 4.3598 0.3464 3.8441 4.0203 3.7988 3.7609 3.7865 3.8101 3.8500
48 1.191285 3.8142 4.3464 0.3753 3.7755 3.9439 3.7296 3.6955 3.7228 3.7475 3.7801
49 1.210890 3.8174 4.3297 0.4120 3.6878 3.8454 3.6411 3.6122 3.6417 3.6678 3.6906
50 1.233715 3.8214 4.3143 0.4513 3.5949 3.7390 3.5471 3.5247 3.5568 3.5847 3.5954
51 1.264654 3.8253 4.2903 0.5004 3.4768 3.6084 3.4281 3.4120 3.4464 3.4758 3.4753
52 1.270687 3.8260 4.2847 0.5111 3.4511 3.5802 3.4021 3.3874 3.4222 3.4519 3.4492
53 1.276128 3.8267 4.2795 0.5207 3.4277 3.5547 3.3786 3.3649 3.4001 3.4301 3.4255
54 1.281270 3.8273 4.2744 0.5299 3.4054 3.5305 3.3561 3.3434 3.3790 3.4092 3.4029
55 1.286462 3.8279 4.2692 0.5392 3.3829 3.5061 3.3334 3.3218 3.3576 3.3881 3.3801
56 1.292418 3.8286 4.2634 0.5499 3.3571 3.4779 3.3074 3.2969 3.3332 3.3641 3.3538
57 1.302928 3.8303 4.2548 0.5690 3.3113 3.4267 3.2611 3.2534 3.2908 3.3224 3.3071
58 1.448505 3.8626 4.1701 0.8330 2.6940 2.7105 2.6356 2.6846 2.7395 2.7807 2.6731
59 1.456280 3.8638 4.1636 0.8466 2.6614 2.6746 2.6029 2.6543 2.7095 2.7509 2.6400
60 1.462800 3.8646 4.1577 0.8581 2.6342 2.6448 2.5755 2.6288 2.6840 2.7255 2.6124
61 1.469296 3.8654 4.1516 0.8688 2.6083 2.6168 2.5495 2.6042 2.6597 2.7011 2.5862
62 1.475575 3.8658 4.1453 0.8788 2.5840 2.5910 2.5251 2.5808 2.6363 2.6778 2.5617
63 1.481709 3.8661 4.1387 0.8884 2.5602 2.5664 2.5014 2.5579 2.6132 2.6548 2.5378
64 1.488347 3.8664 4.1316 0.8985 2.5351 2.5403 2.4763 2.5333 2.5887 2.6303 2.5126
65 1.496299 3.8667 4.1237 0.9103 2.5062 2.5102 2.4473 2.5051 2.5605 2.6022 2.4835
66 1.511175 3.8679 4.1123 0.9305 2.4569 2.4571 2.3979 2.4577 2.5136 2.5555 2.4337
67 1.531976 3.8698 4.0977 0.9582 2.3897 2.3838 2.3303 2.3936 2.4500 2.4927 2.3655
68 1.542273 3.8703 4.0884 0.9724 2.3547 2.3469 2.2952 2.3595 2.4161 2.4587 2.3302
69 1.549338 3.8703 4.0801 0.9827 2.3288 2.3207 2.2692 2.3339 2.3903 2.4329 2.3043
70 1.555484 3.8701 4.0721 0.9919 2.3054 2.2976 2.2460 2.3106 2.3667 2.4092 2.2810
71 1.560968 3.8698 4.0639 1.0004 2.2836 2.2765 2.2242 2.2886 2.3445 2.3867 2.2594
72 1.566098 3.8693 4.0555 1.0085 2.2627 2.2566 2.2034 2.2672 2.3227 2.3648 2.2387
73 1.571207 3.8689 4.0469 1.0166 2.2416 2.2370 2.1825 2.2456 2.3007 2.3426 2.2178
74 1.576274 3.8683 4.0379 1.0246 2.2205 2.2174 2.1615 2.2238 2.2784 2.3200 2.1970
75 1.581796 3.8676 4.0281 1.0331 2.1979 2.1968 2.1392 2.2004 2.2545 2.2959 2.1748
76 1.587688 3.8668 4.0176 1.0421 2.1742 2.1752 2.1156 2.1756 2.2292 2.2703 2.1515
77 1.594096 3.8660 4.0065 1.0516 2.1489 2.1521 2.0904 2.1492 2.2022 2.2431 2.1265
78 1.601045 3.8651 3.9946 1.0618 2.1218 2.1274 2.0635 2.1209 2.1733 2.2139 2.0998
79 1.608657 3.8640 3.9819 1.0726 2.0929 2.1011 2.0347 2.0906 2.1425 2.1827 2.0714
80 1.616568 3.8630 3.9685 1.0838 2.0631 2.0742 2.0051 2.0594 2.1106 2.1505 2.0421
81 1.624585 3.8618 3.9548 1.0949 2.0333 2.0477 1.9756 2.0280 2.0785 2.1181 2.0130
82 1.629213 3.8610 3.9466 1.1012 2.0163 2.0328 1.9588 2.0098 2.0600 2.0993 1.9963
83 1.633765 3.8602 3.9385 1.1072 1.9997 2.0184 1.9423 1.9921 2.0418 2.0809 1.9801
84 1.638135 3.8594 3.9306 1.1130 1.9838 2.0048 1.9266 1.9750 2.0243 2.0632 1.9646
85 1.642289 3.8585 3.9226 1.1186 1.9687 1.9921 1.9116 1.9585 2.0074 2.0459 1.9498
86 1.646378 3.8575 3.9146 1.1239 1.9538 1.9798 1.8968 1.9423 1.9907 2.0289 1.9354
87 1.650464 3.8566 3.9065 1.1292 1.9388 1.9676 1.8822 1.9261 1.9739 2.0118 1.9210
88 1.654563 3.8556 3.8982 1.1346 1.9240 1.9557 1.8675 1.9097 1.9570 1.9947 1.9066
89 1.658674 3.8545 3.8897 1.1399 1.9091 1.9438 1.8528 1.8932 1.9400 1.9773 1.8922
90 1.662817 3.8533 3.8809 1.1452 1.8940 1.9320 1.8380 1.8765 1.9227 1.9597 1.8777
91 1.667024 3.8522 3.8717 1.1505 1.8788 1.9204 1.8230 1.8596 1.9051 1.9417 1.8631
92 1.671263 3.8509 3.8623 1.1559 1.8634 1.9086 1.8079 1.8423 1.8871 1.9233 1.8483
93 1.675547 3.8495 3.8526 1.1613 1.8478 1.8970 1.7925 1.8247 1.8688 1.9046 1.8334
94 1.679859 3.8482 3.8426 1.1668 1.8320 1.8853 1.7771 1.8068 1.8503 1.8855 1.8183
95 1.684194 3.8467 3.8323 1.1723 1.8160 1.8737 1.7614 1.7887 1.8313 1.8661 1.8030
96 1.688504 3.8451 3.8217 1.1777 1.8001 1.8624 1.7458 1.7705 1.8123 1.8467 1.7879
97 1.692780 3.8435 3.8111 1.1831 1.7844 1.8513 1.7304 1.7525 1.7934 1.8273 1.7729
98 1.697008 3.8418 3.8003 1.1884 1.7688 1.8405 1.7151 1.7344 1.7745 1.8078 1.7581
99 1.701186 3.8402 3.7894 1.1938 1.7532 1.8298 1.6999 1.7163 1.7555 1.7884 1.7433
100 1.705344 3.8385 3.7785 1.1991 1.7376 1.8192 1.6847 1.6983 1.7365 1.7689 1.7286
101 1.709510 3.8368 3.7673 1.2044 1.7218 1.8086 1.6693 1.6801 1.7174 1.7492 1.7137
102 1.713715 3.8351 3.7561 1.2099 1.7058 1.7976 1.6537 1.6616 1.6980 1.7292 1.6985
103 1.717932 3.8335 3.7450 1.2157 1.6892 1.7859 1.6375 1.6428 1.6782 1.7089 1.6828
104 1.722016 3.8320 3.7342 1.2216 1.6722 1.7733 1.6209 1.6237 1.6584 1.6886 1.6666
105 1.725835 3.8308 3.7242 1.2277 1.6552 1.7598 1.6042 1.6050 1.6388 1.6687 1.6502
106 1.729253 3.8299 3.7155 1.2338 1.6386 1.7455 1.5877 1.5873 1.6206 1.6502 1.6340
107 1.732233 3.8296 3.7085 1.2399 1.6227 1.7307 1.5719 1.5708 1.6038 1.6332 1.6183
108 1.734719 3.8296 3.7035 1.2457 1.6079 1.7155 1.5571 1.5562 1.5892 1.6187 1.6035
109 1.736600 3.8301 3.7009 1.2511 1.5948 1.7006 1.5438 1.5440 1.5773 1.6070 1.5900
110 1.738036 3.8311 3.7000 1.2560 1.5834 1.6861 1.5321 1.5340 1.5677 1.5977 1.5781
111 1.739177 3.8323 3.7004 1.2606 1.5729 1.6719 1.5213 1.5254 1.5596 1.5901 1.5670
112 1.739338 3.8325 3.7004 1.2614 1.5710 1.6692 1.5192 1.5237 1.5581 1.5886 1.5650
113 1.739510 3.8327 3.7006 1.2623 1.5687 1.6658 1.5168 1.5218 1.5564 1.5870 1.5624
114 1.739692 3.8330 3.7009 1.2631 1.5665 1.6628 1.5146 1.5202 1.5548 1.5856 1.5602
115 1.739861 3.8333 3.7012 1.2640 1.5645 1.6597 1.5125 1.5186 1.5533 1.5842 1.5579
116 1.739947 3.8337 3.7019 1.2651 1.5622 1.6559 1.5100 1.5169 1.5519 1.5829 1.5554
117 1.740014 3.8341 3.7026 1.2661 1.5600 1.6523 1.5078 1.5155 1.5507 1.5819 1.5530
118 1.740094 3.8346 3.7034 1.2672 1.5578 1.6486 1.5054 1.5139 1.5494 1.5807 1.5505
119 1.740186 3.8351 3.7043 1.2684 1.5552 1.6444 1.5027 1.5122 1.5479 1.5794 1.5477
120 1.740285 3.8358 3.7054 1.2699 1.5523 1.6393 1.4996 1.5103 1.5463 1.5779 1.5444
121 1.740389 3.8364 3.7065 1.2713 1.5495 1.6345 1.4966 1.5085 1.5447 1.5767 1.5412
122 1.740496 3.8371 3.7079 1.2729 1.5462 1.6289 1.4932 1.5064 1.5430 1.5751 1.5376
123 1.740601 3.8380 3.7094 1.2747 1.5428 1.6229 1.4896 1.5043 1.5413 1.5737 1.5339
124 1.740701 3.8388 3.7110 1.2765 1.5392 1.6167 1.4858 1.5021 1.5395 1.5721 1.5298
125 1.740795 3.8399 3.7130 1.2787 1.5351 1.6093 1.4814 1.4995 1.5374 1.5703 1.5251
126 1.740881 3.8409 3.7150 1.2809 1.5309 1.6020 1.4770 1.4969 1.5353 1.5686 1.5205
127 1.740958 3.8421 3.7173 1.2834 1.5261 1.5933 1.4719 1.4941 1.5330 1.5666 1.5150
128 1.741024 3.8434 3.7198 1.2861 1.5209 1.5841 1.4665 1.4909 1.5305 1.5644 1.5092
129 1.741084 3.8449 3.7226 1.2891 1.5151 1.5738 1.4604 1.4874 1.5277 1.5620 1.5027
130 1.741136 3.8465 3.7258 1.2925 1.5088 1.5623 1.4537 1.4838 1.5247 1.5596 1.4955
131 1.741173 3.8483 3.7294 1.2962 1.5019 1.5498 1.4463 1.4796 1.5213 1.5567 1.4876
132 1.741194 3.8503 3.7332 1.3004 1.4941 1.5359 1.4382 1.4752 1.5177 1.5536 1.4789
133 1.741200 3.8525 3.7376 1.3049 1.4857 1.5207 1.4293 1.4703 1.5138 1.5504 1.4694
134 1.741186 3.8550 3.7423 1.3098 1.4766 1.5043 1.4198 1.4651 1.5096 1.5469 1.4591
135 1.741156 3.8576 3.7475 1.3151 1.4671 1.4869 1.4098 1.4598 1.5053 1.5433 1.4483
136 1.741106 3.8603 3.7529 1.3206 1.4571 1.4688 1.3994 1.4543 1.5008 1.5396 1.4371
137 1.741038 3.8631 3.7583 1.3264 1.4468 1.4500 1.3886 1.4486 1.4961 1.5356 1.4254
138 1.740958 3.8660 3.7637 1.3324 1.4361 1.4309 1.3775 1.4427 1.4911 1.5314 1.4134
139 1.740872 3.8689 3.7690 1.3385 1.4251 1.4114 1.3661 1.4363 1.4858 1.5268 1.4011
140 1.740781 3.8716 3.7738 1.3449 1.4137 1.3918 1.3544 1.4296 1.4801 1.5217 1.3885
141 1.740688 3.8744 3.7783 1.3513 1.4020 1.3721 1.3423 1.4225 1.4738 1.5161 1.3754
142 1.740597 3.8771 3.7825 1.3578 1.3901 1.3524 1.3302 1.4152 1.4673 1.5102 1.3623
143 1.740511 3.8797 3.7864 1.3644 1.3782 1.3325 1.3180 1.4077 1.4607 1.5042 1.3491
144 1.740435 3.8824 3.7904 1.3711 1.3663 1.3128 1.3060 1.4005 1.4543 1.4982 1.3360
145 1.740399 3.8844 3.7948 1.3748 1.3603 1.3006 1.2997 1.3979 1.4524 1.4968 1.3291
146 1.740343 3.8832 3.7977 1.3672 1.3773 1.3216 1.3167 1.4126 1.4669 1.5112 1.3466
147 1.740258 3.8815 3.7988 1.3591 1.3947 1.3445 1.3342 1.4268 1.4806 1.5245 1.3649
148 1.740165 3.8793 3.7984 1.3507 1.4122 1.3687 1.3519 1.4405 1.4937 1.5371 1.3834
149 1.740083 3.8771 3.7969 1.3432 1.4272 1.3902 1.3672 1.4516 1.5042 1.5472 1.3995
150 1.740011 3.8743 3.7934 1.3359 1.4410 1.4120 1.3812 1.4608 1.5126 1.5550 1.4145
151 1.739958 3.8702 3.7826 1.3301 1.4487 1.4314 1.3893 1.4615 1.5119 1.5534 1.4239
152 1.739927 3.8653 3.7636 1.3295 1.4426 1.4395 1.3839 1.4476 1.4962 1.5363 1.4202
153 1.739904 3.8615 3.7422 1.3356 1.4221 1.4305 1.3641 1.4210 1.4678 1.5069 1.4015
154 1.739883 3.8583 3.7227 1.3421 1.4007 1.4187 1.3435 1.3948 1.4401 1.4782 1.3817
155 1.739883 3.8548 3.7025 1.3488 1.3793 1.4071 1.3227 1.3682 1.4120 1.4490 1.3620
156 1.739924 3.8507 3.6805 1.3541 1.3602 1.4004 1.3043 1.3427 1.3846 1.4203 1.3448
157 1.740019 3.8463 3.6588 1.3582 1.3442 1.3980 1.2893 1.3199 1.3597 1.3941 1.3311
158 1.740156 3.8422 3.6396 1.3608 1.3325 1.3991 1.2785 1.3018 1.3396 1.3727 1.3215
159 1.740317 3.8384 3.6235 1.3623 1.3243 1.4023 1.2712 1.2879 1.3241 1.3559 1.3152
160 1.740493 3.8352 3.6099 1.3630 1.3186 1.4066 1.2662 1.2773 1.3118 1.3426 1.3111
161 1.740678 3.8324 3.5984 1.3633 1.3144 1.4113 1.2628 1.2688 1.3019 1.3319 1.3084
162 1.741222 3.8268 3.5761 1.3632 1.3086 1.4226 1.2584 1.2548 1.2850 1.3128 1.3054
163 1.741769 3.8214 3.5555 1.3624 1.3048 1.4350 1.2562 1.2435 1.2708 1.2965 1.3046
164 1.742318 3.8163 3.5364 1.3611 1.3031 1.4490 1.2560 1.2348 1.2590 1.2826 1.3056
165 1.742865 3.8112 3.5183 1.3591 1.3035 1.4653 1.2580 1.2282 1.2494 1.2708 1.3086
166 1.743405 3.8061 3.5007 1.3561 1.3061 1.4850 1.2623 1.2236 1.2417 1.2609 1.3142
167 1.743935 3.8008 3.4836 1.3522 1.3115 1.5083 1.2697 1.2219 1.2364 1.2532 1.3228
168 1.744449 3.7955 3.4681 1.3470 1.3205 1.5356 1.2806 1.2238 1.2348 1.2491 1.3349
169 1.744939 3.7903 3.4540 1.3403 1.3335 1.5668 1.2957 1.2299 1.2372 1.2490 1.3510
170 1.745400 3.7853 3.4422 1.3321 1.3508 1.6020 1.3151 1.2409 1.2441 1.2535 1.3714
171 1.745825 3.7805 3.4328 1.3222 1.3726 1.6414 1.3389 1.2566 1.2561 1.2629 1.3963
172 1.746209 3.7759 3.4260 1.3110 1.3985 1.6843 1.3669 1.2769 1.2729 1.2772 1.4251
173 1.746553 3.7718 3.4220 1.2984 1.4282 1.7299 1.3985 1.3015 1.2939 1.2959 1.4576
174 1.746859 3.7679 3.4202 1.2849 1.4606 1.7774 1.4329 1.3296 1.3185 1.3184 1.4927
175 1.747133 3.7644 3.4207 1.2706 1.4954 1.8261 1.4694 1.3603 1.3460 1.3438 1.5299
176 1.747381 3.7612 3.4228 1.2558 1.5317 1.8755 1.5074 1.3930 1.3758 1.3718 1.5685
177 1.747609 3.7582 3.4260 1.2407 1.5691 1.9254 1.5464 1.4271 1.4070 1.4013 1.6081
178 1.747822 3.7554 3.4301 1.2253 1.6073 1.9756 1.5863 1.4622 1.4393 1.4320 1.6484
179 1.748025 3.7527 3.4347 1.2098 1.6460 2.0260 1.6265 1.4979 1.4723 1.4635 1.6891
180 1.748223 3.7500 3.4395 1.1945 1.6849 2.0765 1.6669 1.5337 1.5056 1.4953 1.7300
181 1.748421 3.7472 3.4434 1.1792 1.7236 2.1278 1.7074 1.5694 1.5385 1.5266 1.7709
182 1.748695 3.7432 3.4475 1.1593 1.7741 2.1955 1.7603 1.6156 1.5807 1.5665 1.8245
183 1.749000 3.7388 3.4478 1.1413 1.8204 2.2610 1.8093 1.6569 1.6177 1.6011 1.8741
184 1.749347 3.7342 3.4423 1.1283 1.8545 2.3156 1.8465 1.6860 1.6422 1.6229 1.9119
185 1.749723 3.7294 3.4295 1.1224 1.8712 2.3529 1.8664 1.6978 1.6492 1.6272 1.9322
186 1.750123 3.7249 3.4092 1.1247 1.8677 2.3690 1.8660 1.6895 1.6363 1.6118 1.9323
187 1.750527 3.7210 3.3833 1.1351 1.8439 2.3621 1.8449 1.6617 1.6044 1.5776 1.9116
188 1.750909 3.7179 3.3542 1.1520 1.8039 2.3356 1.8073 1.6187 1.5579 1.5295 1.8741
189 1.751247 3.7157 3.3251 1.1724 1.7546 2.2961 1.7598 1.5673 1.5040 1.4744 1.8266
190 1.751555 3.7140 3.2969 1.1939 1.7025 2.2516 1.7091 1.5136 1.4483 1.4177 1.7760
191 1.751841 3.7126 3.2694 1.2156 1.6496 2.2053 1.6575 1.4593 1.3923 1.3610 1.7244
192 1.752111 3.7113 3.2426 1.2372 1.5971 2.1588 1.6061 1.4055 1.3371 1.3049 1.6730
193 1.752369 3.7101 3.2170 1.2580 1.5467 2.1141 1.5569 1.3538 1.2839 1.2512 1.6237
194 1.752627 3.7089 3.1921 1.2782 1.4974 2.0705 1.5087 1.3034 1.2322 1.1987 1.5755
195 1.752888 3.7077 3.1674 1.2981 1.4492 2.0279 1.4615 1.2540 1.1813 1.1471 1.5283
196 1.753152 3.7065 3.1429 1.3180 1.4009 1.9852 1.4142 1.2045 1.1303 1.0956 1.4810
197 1.753419 3.7053 3.1185 1.3378 1.3526 1.9424 1.3670 1.1551 1.0796 1.0442 1.4338
198 1.753686 3.7042 3.0942 1.3576 1.3045 1.8997 1.3199 1.1059 1.0290 0.9930 1.3866
199 1.753955 3.7031 3.0701 1.3774 1.2564 1.8569 1.2729 1.0567 0.9786 0.9419 1.3396
200 1.754224 3.7020 3.0461 1.3971 1.2085 1.8144 1.2261 1.0078 0.9283 0.8910 1.2928
201 1.754495 3.7009 3.0222 1.4168 1.1608 1.7719 1.1794 0.9590 0.8782 0.8404 1.2461
202 1.754767 3.6998 2.9983 1.4364 1.1133 1.7298 1.1329 0.9104 0.8284 0.7898 1.1995
203 1.755041 3.6987 2.9745 1.4558 1.0660 1.6879 1.0868 0.8621 0.7787 0.7395 1.1532
204 1.755315 3.6976 2.9507 1.4753 1.0189 1.6464 1.0407 0.8138 0.7292 0.6893 1.1072
205 1.755591 3.6965 2.9269 1.4947 0.9720 1.6051 0.9949 0.7658 0.6797 0.6393 1.0613
206 1.755868 3.6954 2.9032 1.5141 0.9252 1.5640 0.9493 0.7179 0.6305 0.5894 1.0156
207 1.756146 3.6943 2.8795 1.5334 0.8785 1.5230 0.9037 0.6701 0.5813 0.5396 0.9699
208 1.756426 3.6932 2.8560 1.5526 0.8320 1.4822 0.8583 0.6225 0.5325 0.4900 0.9245
209 1.756707 3.6921 2.8324 1.5718 0.7857 1.4417 0.8131 0.5751 0.4836 0.4406 0.8793
210 1.756989 3.6910 2.8089 1.5909 0.7395 1.4013 0.7680 0.5278 0.4350 0.3913 0.8341
211 1.757272 3.6899 2.7853 1.6101 0.6936 1.3611 0.7232 0.4807 0.3866 0.3422 0.7892
212 1.757556 3.6888 2.7620 1.6292 0.6476 1.3211 0.6784 0.4337 0.3382 0.2931 0.7444
213 1.757839 3.6876 2.7385 1.6482 0.6019 1.2813 0.6338 0.3868 0.2900 0.2442 0.6997
214 1.758123 3.6865 2.7152 1.6671 0.5562 1.2416 0.5893 0.3401 0.2419 0.1954 0.6551
215 1.758408 3.6854 2.6917 1.6861 0.5106 1.2022 0.5450 0.2935 0.1939 0.1467 0.6107
216 1.758693 3.6842 2.6683 1.7051 0.4651 1.1628 0.5007 0.2468 0.1458 0.0980 0.5663
217 1.758750 3.6841 2.6635 1.7090 0.4559 1.1547 0.4918 0.2373 0.1361 0.0881 0.5573
218 1.758807 3.6838 2.6587 1.7129 0.4465 1.1466 0.4825 0.2277 0.1261 0.0780 0.5481
219 1.758863 3.6836 2.6538 1.7169 0.4371 1.1385 0.4735 0.2181 0.1162 0.0680 0.5390
220 1.758921 3.6834 2.6490 1.7207 0.4278 1.1304 0.4644 0.2085 0.1064 0.0580 0.5299
221 1.758978 3.6831 2.6443 1.7246 0.4185 1.1225 0.4554 0.1991 0.0966 0.0480 0.5209
222 1.759035 3.6829 2.6394 1.7285 0.4092 1.1144 0.4463 0.1894 0.0867 0.0380 0.5117
223 1.759091 3.6826 2.6346 1.7324 0.3998 1.1063 0.4372 0.1798 0.0768 0.0279 0.5026
224 1.759149 3.6824 2.6298 1.7363 0.3906 1.0984 0.4282 0.1704 0.0670 0.0180 0.4936
225 1.759206 3.6822 2.6249 1.7402 0.3812 1.0903 0.4192 0.1608 0.0572 0.0080 0.4845
226 1.759263 3.6819 2.6201 1.7441 0.3719 1.0823 0.4101 0.1513 0.0473 -0.0020 0.4754
227 1.759823 3.6796 2.5725 1.7824 0.2804 1.0039 0.3214 0.0575 -0.0494 -0.1002 0.3864
228 1.760352 3.6773 2.5265 1.8193 0.1927 0.9290 0.2362 -0.0325 -0.1424 -0.1947 0.3010
229 1.760867 3.6750 2.4814 1.8554 0.1071 0.8567 0.1533 -0.1203 -0.2331 -0.2869 0.2178
230 1.761390 3.6726 2.4348 1.8924 0.0197 0.7832 0.0687 -0.2100 -0.3258 -0.3815 0.1329
231 1.761871 3.6703 2.3909 1.9272 -0.0623 0.7150 -0.0104 -0.2942 -0.4130 -0.4702 0.0534
232 1.762354 3.6679 2.3453 1.9634 -0.1472 0.6441 -0.0923 -0.3815 -0.5034 -0.5623 -0.0290
233 1.762809 3.6657 2.3025 1.9974 -0.2267 0.5783 -0.1689 -0.4631 -0.5880 -0.6487 -0.1059
234 1.763245 3.6635 2.2628 2.0287 -0.2998 0.5183 -0.2390 -0.5383 -0.6661 -0.7284 -0.1766
235 1.763673 3.6616 2.2268 2.0573 -0.3664 0.4635 -0.3029 -0.6067 -0.7372 -0.8010 -0.2411
236 1.764081 3.6601 2.1974 2.0804 -0.4202 0.4198 -0.3545 -0.6620 -0.7947 -0.8597 -0.2929
237 1.764488 3.6591 2.1792 2.0948 -0.4536 0.3924 -0.3866 -0.6963 -0.8303 -0.8960 -0.3252
238 1.764886 3.6599 2.1929 2.0845 -0.4308 0.4086 -0.3663 -0.6728 -0.8051 -0.8699 -0.3039
239 1.765365 3.6630 2.2586 2.0314 -0.3081 0.5098 -0.2501 -0.5471 -0.6740 -0.7359 -0.1858
240 1.766025 3.6640 2.2754 2.0187 -0.2781 0.5348 -0.2214 -0.5161 -0.6417 -0.7031 -0.1568
241 1.766745 3.6675 2.3381 1.9703 -0.1645 0.6290 -0.1119 -0.3991 -0.5200 -0.5790 -0.0468
242 1.767602 3.6712 2.3936 1.9298 -0.0711 0.7011 -0.0229 -0.3021 -0.4183 -0.4745 0.0426
243 1.768599 3.6703 2.3802 1.9397 -0.0945 0.6811 -0.0444 -0.3265 -0.4445 -0.5011 0.0205
244 1.769619 3.6644 2.2700 2.0269 -0.2967 0.5152 -0.2362 -0.5342 -0.6614 -0.7228 -0.1743
245 1.770528 3.6603 2.1910 2.0897 -0.4435 0.3942 -0.3772 -0.6848 -0.8177 -0.8823 -0.3162
246 1.771307 3.6560 2.1130 2.1506 -0.5834 0.2826 -0.5101 -0.8289 -0.9683 -1.0366 -0.4507
247 1.771998 3.6523 2.0438 2.2049 -0.7085 0.1824 -0.6293 -0.9577 -1.1027 -1.1741 -0.5712
248 1.772588 3.6493 1.9909 2.2460 -0.8031 0.1074 -0.7201 -1.0552 -1.2043 -1.2782 -0.6624
249 1.773136 3.6461 1.9346 2.2897 -0.9025 0.0298 -0.8138 -1.1575 -1.3116 -1.3886 -0.7575
250 1.773633 3.6430 1.8801 2.3317 -0.9977 -0.0434 -0.9029 -1.2557 -1.4150 -1.4948 -0.8483
251 1.774089 3.6398 1.8265 2.3728 -1.0900 -0.1134 -0.9886 -1.3509 -1.5157 -1.5986 -0.9360
252 1.774505 3.6367 1.7747 2.4126 -1.1789 -0.1801 -1.0705 -1.4426 -1.6130 -1.6989 -1.0202
253 1.774880 3.6338 1.7247 2.4507 -1.2637 -0.2433 -1.1487 -1.5302 -1.7063 -1.7952 -1.1004
254 1.775232 3.6307 1.6748 2.4888 -1.3475 -0.3048 -1.2253 -1.6170 -1.7989 -1.8909 -1.1793
255 1.775553 3.6279 1.6265 2.5253 -1.4277 -0.3627 -1.2980 -1.7000 -1.8879 -1.9830 -1.2546
256 1.775847 3.6250 1.5798 2.5607 -1.5047 -0.4170 -1.3668 -1.7796 -1.9738 -2.0721 -1.3264
257 1.776122 3.6222 1.5336 2.5956 -1.5799 -0.4692 -1.4330 -1.8573 -2.0582 -2.1597 -1.3961
258 1.776376 3.6193 1.4884 2.6295 -1.6523 -0.5180 -1.4954 -1.9323 -2.1399 -2.2450 -1.4626
259 1.776610 3.6165 1.4444 2.6624 -1.7218 -0.5640 -1.5544 -2.0044 -2.2192 -2.3276 -1.5261
260 1.776827 3.6137 1.4014 2.6944 -1.7889 -0.6079 -1.6102 -2.0743 -2.2965 -2.4082 -1.5869
261 1.777029 3.6110 1.3591 2.7259 -1.8543 -0.6500 -1.6638 -2.1425 -2.3725 -2.4874 -1.6459
262 1.777218 3.6084 1.3180 2.7564 -1.9173 -0.6898 -1.7144 -2.2083 -2.4462 -2.5642 -1.7022
263 1.777394 3.6058 1.2776 2.7863 -1.9784 -0.7275 -1.7624 -2.2722 -2.5182 -2.6396 -1.7564
264 1.777559 3.6032 1.2381 2.8155 -2.0376 -0.7627 -1.8075 -2.3339 -2.5882 -2.7129 -1.8083
265 1.777713 3.6007 1.1997 2.8440 -2.0947 -0.7960 -1.8499 -2.3935 -2.6562 -2.7844 -1.8580
266 1.777858 3.5982 1.1620 2.8720 -2.1502 -0.8272 -1.8893 -2.4513 -2.7228 -2.8545 -1.9057
267 1.777994 3.5958 1.1251 2.8994 -2.2041 -0.8564 -1.9259 -2.5073 -2.7878 -2.9231 -1.9514
268 1.778130 3.5934 1.0887 2.9262 -2.2567 -0.8839 -1.9597 -2.5621 -2.8519 -2.9908 -1.9954
269 1.778249 3.5912 1.0536 2.9523 -2.3076 -0.9114 -1.9910 -2.6156 -2.9149 -3.0571 -2.0375
270 1.778362 3.5889 1.0190 2.9778 -2.3574 -0.9377 -2.0206 -2.6677 -2.9770 -3.1223 -2.0782
271 1.778354 3.5867 0.9851 3.0028 -2.4055 -0.9618 -2.0473 -2.7180 -3.0374 -3.1861 -2.1169
272 1.778455 3.5846 0.9519 3.0273 -2.4519 -0.9831 -2.0707 -2.7665 -3.0964 -3.2485 -2.1533
273 1.778551 3.5824 0.9191 3.0514 -2.4970 -1.0027 -2.0918 -2.8136 -3.1543 -3.3101 -2.1882
274 1.778646 3.5802 0.8873 3.0748 -2.5410 -1.0230 -2.1128 -2.8596 -3.2111 -3.3701 -2.2221

