#AGE= 1.000 EEPS=272
#EEP M/Mo LogTeff LogG LogL/Lo open gp1 rp1 ip1 zp1 yp1 wp1
3 0.134301 3.5082 5.1893 -2.6370 11.8016 14.0394 12.8066 11.4928 10.9138 10.6569 12.3601
4 0.171495 3.5117 5.1077 -2.4359 11.2837 13.4672 12.2464 10.9737 10.4069 10.1552 11.8271
5 0.227666 3.5205 5.0431 -2.2122 10.6983 12.7735 11.5781 10.3868 9.8474 9.6038 11.2102
6 0.293678 3.5298 4.9936 -2.0151 10.1781 12.1503 10.9797 9.8648 9.3541 9.1197 10.6588
7 0.314394 3.5328 4.9768 -1.9569 10.0236 11.9654 10.8011 9.7096 9.2086 8.9776 10.4941
8 0.320721 3.5337 4.9697 -1.9375 9.9727 11.9052 10.7428 9.6585 9.1605 8.9305 10.4401
9 0.324370 3.5341 4.9643 -1.9251 9.9405 11.8679 10.7066 9.6263 9.1299 8.9003 10.4063
10 0.328514 3.5346 4.9574 -1.9107 9.9034 11.8255 10.6656 9.5893 9.0944 8.8651 10.3677
11 0.335880 3.5356 4.9479 -1.8878 9.8443 11.7569 10.5999 9.5302 9.0377 8.8092 10.3059
12 0.355030 3.5383 4.9309 -1.8369 9.7109 11.5971 10.4489 9.3959 8.9105 8.6847 10.1649
13 0.380158 3.5424 4.9100 -1.7709 9.5358 11.3838 10.2477 9.2183 8.7452 8.5247 9.9775
14 0.430302 3.5525 4.8623 -1.6272 9.1492 10.9119 9.7931 8.8285 8.3895 8.1826 9.5594
15 0.451394 3.5575 4.8410 -1.5652 8.9816 10.7045 9.5932 8.6589 8.2368 8.0367 9.3764
16 0.464517 3.5610 4.8276 -1.5259 8.8748 10.5712 9.4637 8.5506 8.1404 7.9453 9.2589
17 0.478497 3.5648 4.8132 -1.4830 8.7576 10.4239 9.3200 8.4325 8.0361 7.8463 9.1295
18 0.489829 3.5683 4.8007 -1.4461 8.6555 10.2938 9.1913 8.3308 7.9473 7.7621 9.0157
19 0.496425 3.5704 4.7918 -1.4227 8.5891 10.2083 9.1043 8.2667 7.8918 7.7090 8.9412
20 0.499417 3.5710 4.7858 -1.4108 8.5577 10.1736 9.0699 8.2379 7.8653 7.6815 8.9088
21 0.500669 3.5707 4.7813 -1.4051 8.5524 10.1797 9.0812 8.2338 7.8557 7.6678 8.9098
22 0.502499 3.5706 4.7763 -1.3975 8.5448 10.1792 9.0886 8.2238 7.8390 7.6481 8.9080
23 0.507242 3.5717 4.7692 -1.3807 8.5066 10.1332 9.0426 8.1822 7.7991 7.6089 8.8667
24 0.515843 3.5746 4.7602 -1.3519 8.4294 10.0322 8.9382 8.1029 7.7309 7.5444 8.7785
25 0.529094 3.5797 4.7487 -1.3096 8.3090 9.8708 8.7746 7.9818 7.6292 7.4498 8.6398
26 0.546763 3.5869 4.7354 -1.2540 8.1462 9.6495 8.5530 7.8202 7.4955 7.3261 8.4517
27 0.571826 3.5977 4.7189 -1.1755 7.9118 9.3272 8.2334 7.5905 7.3086 7.1537 8.1800
28 0.709134 3.6573 4.6615 -0.7993 6.7908 7.7579 6.8899 6.5343 6.3917 6.3053 6.9387
29 0.728037 3.6660 4.6510 -0.7417 6.6302 7.5364 6.7060 6.3818 6.2561 6.1769 6.7641
30 0.749378 3.6761 4.6413 -0.6779 6.4511 7.2837 6.5027 6.2134 6.1057 6.0350 6.5694
31 0.775226 3.6889 4.6316 -0.6015 6.2331 6.9716 6.2614 6.0104 5.9215 5.8623 6.3343
32 0.808810 3.7052 4.6201 -0.5044 5.9582 6.5845 5.9669 5.7548 5.6850 5.6408 6.0408
33 0.951743 3.7615 4.5518 -0.1344 5.0041 5.3663 4.9759 4.8604 4.8463 4.8433 5.0411
34 0.969441 3.7661 4.5399 -0.0965 4.9120 5.2560 4.8820 4.7736 4.7634 4.7631 4.9460
35 0.976316 3.7669 4.5346 -0.0863 4.8855 5.2250 4.8553 4.7483 4.7389 4.7387 4.9189
36 0.994301 3.7717 4.5218 -0.0463 4.7888 5.1101 4.7568 4.6570 4.6516 4.6542 4.8190
37 1.012460 3.7764 4.5085 -0.0065 4.6926 4.9964 4.6587 4.5661 4.5646 4.5697 4.7198
38 1.035064 3.7820 4.4922 0.0420 4.5755 4.8581 4.5394 4.4555 4.4587 4.4669 4.5992
39 1.066236 3.7894 4.4689 0.1077 4.4168 4.6716 4.3780 4.3055 4.3149 4.3271 4.4358
40 1.088853 3.7944 4.4514 0.1546 4.3055 4.5429 4.2651 4.2001 4.2134 4.2282 4.3215
41 1.104896 3.7978 4.4377 0.1881 4.2259 4.4519 4.1847 4.1247 4.1404 4.1571 4.2400
42 1.175463 3.8121 4.3856 0.3237 3.9003 4.0739 3.8543 3.8168 3.8435 3.8675 3.9057
43 1.229566 3.8221 4.3463 0.4221 3.6676 3.8096 3.6191 3.5973 3.6305 3.6591 3.6676
44 1.395737 3.8640 4.2842 0.7083 3.0105 3.0276 2.9521 3.0029 3.0583 3.0991 2.9894
45 1.414352 3.8680 4.2771 0.7376 2.9440 2.9498 2.8849 2.9428 2.9998 3.0415 2.9211
46 1.436174 3.8723 4.2677 0.7707 2.8672 2.8606 2.8075 2.8725 2.9314 2.9745 2.8423
47 1.468149 3.8779 4.2523 0.8179 2.7574 2.7348 2.6966 2.7708 2.8322 2.8769 2.7299
48 1.499065 3.8831 4.2386 0.8615 2.6562 2.6182 2.5948 2.6780 2.7414 2.7874 2.6264
49 1.520903 3.8864 4.2267 0.8931 2.5826 2.5348 2.5208 2.6104 2.6748 2.7214 2.5512
50 1.574427 3.8953 4.2083 0.9617 2.4246 2.3495 2.3614 2.4669 2.5349 2.5837 2.3890
51 1.589275 3.8961 4.1935 0.9842 2.3702 2.2922 2.3069 2.4146 2.4824 2.5311 2.3341
52 1.595743 3.8968 4.1887 0.9934 2.3483 2.2684 2.2852 2.3942 2.4618 2.5107 2.3120
53 1.602964 3.8975 4.1835 1.0034 2.3246 2.2427 2.2615 2.3720 2.4395 2.4885 2.2881
54 1.611109 3.8984 4.1781 1.0144 2.2986 2.2142 2.2354 2.3477 2.4150 2.4642 2.2618
55 1.620187 3.8993 4.1723 1.0265 2.2699 2.1825 2.2068 2.3209 2.3883 2.4377 2.2327
56 1.629820 3.9004 4.1664 1.0393 2.2400 2.1493 2.1768 2.2930 2.3604 2.4099 2.2022
57 1.639680 3.9014 4.1603 1.0522 2.2097 2.1159 2.1465 2.2647 2.3321 2.3819 2.1715
58 1.649185 3.9024 4.1542 1.0644 2.1809 2.0842 2.1177 2.2377 2.3052 2.3551 2.1423
59 1.657816 3.9031 4.1483 1.0755 2.1544 2.0555 2.0913 2.2127 2.2802 2.3302 2.1156
60 1.666471 3.9038 4.1422 1.0866 2.1280 2.0269 2.0649 2.1877 2.2553 2.3054 2.0889
61 1.675455 3.9045 4.1358 1.0982 2.1004 1.9972 2.0374 2.1615 2.2292 2.2794 2.0610
62 1.685090 3.9052 4.1287 1.1107 2.0706 1.9651 2.0077 2.1333 2.2009 2.2511 2.0309
63 1.695282 3.9060 4.1209 1.1241 2.0388 1.9310 1.9760 2.1029 2.1706 2.2209 1.9988
64 1.705780 3.9067 4.1125 1.1378 2.0057 1.8957 1.9430 2.0713 2.1391 2.1894 1.9655
65 1.715919 3.9072 4.1040 1.1512 1.9734 1.8616 1.9108 2.0403 2.1081 2.1584 1.9329
66 1.725999 3.9077 4.0953 1.1641 1.9419 1.8286 1.8793 2.0098 2.0775 2.1278 1.9012
67 1.735488 3.9080 4.0867 1.1762 1.9120 1.7975 1.8495 1.9807 2.0482 2.0985 1.8712
68 1.744692 3.9081 4.0780 1.1879 1.8830 1.7676 1.8206 1.9523 2.0197 2.0699 1.8421
69 1.753721 3.9082 4.0692 1.1993 1.8543 1.7383 1.7920 1.9241 1.9913 2.0415 1.8134
70 1.762734 3.9083 4.0601 1.2107 1.8255 1.7089 1.7632 1.8957 1.9627 2.0129 1.7846
71 1.771888 3.9082 4.0507 1.2223 1.7961 1.6790 1.7338 1.8667 1.9334 1.9835 1.7550
72 1.781347 3.9081 4.0407 1.2343 1.7655 1.6482 1.7033 1.8365 1.9028 1.9529 1.7245
73 1.790897 3.9080 4.0303 1.2465 1.7343 1.6168 1.6721 1.8055 1.8715 1.9214 1.6933
74 1.800603 3.9077 4.0191 1.2587 1.7025 1.5853 1.6405 1.7736 1.8393 1.8891 1.6617
75 1.810057 3.9073 4.0077 1.2706 1.6712 1.5544 1.6093 1.7421 1.8072 1.8570 1.6305
76 1.814874 3.9060 3.9984 1.2758 1.6538 1.5390 1.5919 1.7235 1.7877 1.8373 1.6135
77 1.824394 3.9054 3.9865 1.2877 1.6222 1.5083 1.5604 1.6914 1.7552 1.8046 1.5822
78 1.833765 3.9047 3.9743 1.2994 1.5911 1.4785 1.5294 1.6597 1.7228 1.7721 1.5514
79 1.842925 3.9040 3.9620 1.3107 1.5605 1.4495 1.4990 1.6283 1.6908 1.7400 1.5211
80 1.851711 3.9029 3.9492 1.3216 1.5308 1.4217 1.4693 1.5974 1.6591 1.7082 1.4917
81 1.853934 3.9011 3.9411 1.3226 1.5225 1.4170 1.4611 1.5870 1.6479 1.6965 1.4841
82 1.858789 3.9002 3.9332 1.3282 1.5062 1.4025 1.4449 1.5696 1.6300 1.6784 1.4680
83 1.863708 3.8994 3.9251 1.3338 1.4900 1.3882 1.4286 1.5522 1.6122 1.6604 1.4521
84 1.868752 3.8984 3.9168 1.3396 1.4734 1.3739 1.4122 1.5344 1.5939 1.6419 1.4360
85 1.873899 3.8975 3.9082 1.3455 1.4564 1.3591 1.3952 1.5159 1.5751 1.6228 1.4193
86 1.879158 3.8965 3.8992 1.3517 1.4388 1.3440 1.3778 1.4970 1.5557 1.6031 1.4022
87 1.884533 3.8954 3.8898 1.3581 1.4207 1.3285 1.3598 1.4773 1.5356 1.5828 1.3845
88 1.889998 3.8943 3.8802 1.3646 1.4023 1.3130 1.3415 1.4571 1.5150 1.5619 1.3665
89 1.895538 3.8931 3.8702 1.3712 1.3835 1.2972 1.3228 1.4366 1.4940 1.5406 1.3482
90 1.901116 3.8920 3.8601 1.3779 1.3645 1.2814 1.3039 1.4158 1.4729 1.5191 1.3298
91 1.906668 3.8907 3.8498 1.3844 1.3456 1.2658 1.2850 1.3948 1.4514 1.4973 1.3114
92 1.912204 3.8894 3.8391 1.3910 1.3266 1.2507 1.2662 1.3737 1.4299 1.4755 1.2930
93 1.917688 3.8880 3.8283 1.3975 1.3078 1.2358 1.2474 1.3525 1.4083 1.4535 1.2747
94 1.923071 3.8865 3.8173 1.4039 1.2891 1.2214 1.2288 1.3314 1.3866 1.4314 1.2567
95 1.928426 3.8850 3.8061 1.4102 1.2707 1.2074 1.2104 1.3104 1.3650 1.4095 1.2390
96 1.933674 3.8834 3.7948 1.4164 1.2525 1.1938 1.1922 1.2896 1.3436 1.3877 1.2215
97 1.938794 3.8818 3.7835 1.4223 1.2345 1.1807 1.1743 1.2688 1.3223 1.3660 1.2043
98 1.943844 3.8801 3.7720 1.4282 1.2170 1.1681 1.1568 1.2485 1.3012 1.3445 1.1875
99 1.948810 3.8784 3.7605 1.4339 1.1997 1.1559 1.1396 1.2283 1.2803 1.3232 1.1710
100 1.953672 3.8766 3.7489 1.4395 1.1826 1.1440 1.1228 1.2084 1.2596 1.3021 1.1549
101 1.958471 3.8748 3.7373 1.4450 1.1658 1.1323 1.1061 1.1886 1.2392 1.2813 1.1389
102 1.963209 3.8730 3.7258 1.4506 1.1491 1.1207 1.0896 1.1691 1.2189 1.2605 1.1229
103 1.967896 3.8713 3.7141 1.4561 1.1324 1.1093 1.0732 1.1497 1.1987 1.2398 1.1071
104 1.972561 3.8695 3.7026 1.4617 1.1157 1.0975 1.0567 1.1301 1.1783 1.2191 1.0912
105 1.977242 3.8679 3.6913 1.4675 1.0984 1.0851 1.0396 1.1103 1.1579 1.1982 1.0747
106 1.981824 3.8666 3.6807 1.4738 1.0807 1.0713 1.0222 1.0905 1.1375 1.1774 1.0577
107 1.986076 3.8658 3.6719 1.4803 1.0631 1.0558 1.0047 1.0717 1.1183 1.1580 1.0404
108 1.989659 3.8657 3.6659 1.4868 1.0466 1.0394 0.9881 1.0552 1.1017 1.1413 1.0240
109 1.992483 3.8662 3.6626 1.4928 1.0321 1.0231 0.9735 1.0416 1.0882 1.1280 1.0092
110 1.994622 3.8673 3.6618 1.4984 1.0195 1.0072 0.9609 1.0311 1.0779 1.1179 0.9962
111 1.996227 3.8687 3.6627 1.5034 1.0088 0.9920 0.9499 1.0228 1.0700 1.1104 0.9847
112 1.996510 3.8690 3.6630 1.5044 1.0068 0.9890 0.9479 1.0213 1.0687 1.1091 0.9825
113 1.996793 3.8694 3.6635 1.5055 1.0046 0.9856 0.9456 1.0198 1.0673 1.1078 0.9802
114 1.997075 3.8698 3.6640 1.5065 1.0025 0.9824 0.9435 1.0184 1.0659 1.1065 0.9778
115 1.997358 3.8701 3.6645 1.5075 1.0004 0.9792 0.9414 1.0169 1.0646 1.1052 0.9756
116 1.997639 3.8705 3.6650 1.5086 0.9982 0.9758 0.9391 1.0154 1.0632 1.1039 0.9732
117 1.997920 3.8710 3.6659 1.5099 0.9957 0.9718 0.9366 1.0139 1.0618 1.1026 0.9705
118 1.998201 3.8715 3.6667 1.5111 0.9934 0.9679 0.9341 1.0123 1.0604 1.1013 0.9679
119 1.998480 3.8720 3.6674 1.5124 0.9909 0.9639 0.9317 1.0108 1.0590 1.1001 0.9653
120 1.998760 3.8725 3.6682 1.5137 0.9884 0.9598 0.9291 1.0092 1.0575 1.0987 0.9624
121 1.999039 3.8732 3.6696 1.5152 0.9856 0.9549 0.9262 1.0076 1.0561 1.0975 0.9593
122 1.999318 3.8738 3.6707 1.5166 0.9828 0.9502 0.9234 1.0061 1.0547 1.0962 0.9563
123 1.999594 3.8745 3.6720 1.5182 0.9801 0.9453 0.9206 1.0044 1.0533 1.0950 0.9532
124 1.999871 3.8753 3.6736 1.5199 0.9769 0.9395 0.9173 1.0028 1.0519 1.0938 0.9496
125 2.000145 3.8761 3.6753 1.5217 0.9739 0.9339 0.9142 1.0011 1.0505 1.0926 0.9462
126 2.000418 3.8771 3.6771 1.5236 0.9705 0.9279 0.9109 0.9994 1.0491 1.0913 0.9425
127 2.000690 3.8781 3.6792 1.5256 0.9669 0.9211 0.9072 0.9978 1.0478 1.0902 0.9384
128 2.000958 3.8792 3.6814 1.5277 0.9634 0.9142 0.9035 0.9961 1.0464 1.0890 0.9343
129 2.001224 3.8804 3.6841 1.5302 0.9593 0.9061 0.8994 0.9943 1.0449 1.0878 0.9296
130 2.001485 3.8817 3.6868 1.5326 0.9551 0.8978 0.8953 0.9925 1.0436 1.0867 0.9248
131 2.001742 3.8833 3.6901 1.5355 0.9504 0.8883 0.8907 0.9908 1.0422 1.0856 0.9195
132 2.001992 3.8848 3.6935 1.5385 0.9456 0.8782 0.8859 0.9891 1.0408 1.0846 0.9139
133 2.002237 3.8867 3.6974 1.5419 0.9404 0.8671 0.8810 0.9875 1.0395 1.0837 0.9080
134 2.002472 3.8886 3.7017 1.5455 0.9350 0.8551 0.8758 0.9859 1.0382 1.0829 0.9016
135 2.002699 3.8907 3.7063 1.5493 0.9292 0.8424 0.8703 0.9844 1.0370 1.0821 0.8948
136 2.002912 3.8930 3.7113 1.5536 0.9231 0.8288 0.8645 0.9829 1.0356 1.0814 0.8878
137 2.003110 3.8955 3.7166 1.5582 0.9165 0.8146 0.8583 0.9810 1.0341 1.0804 0.8802
138 2.003291 3.8980 3.7220 1.5631 0.9095 0.8000 0.8516 0.9789 1.0324 1.0792 0.8721
139 2.003451 3.9008 3.7276 1.5684 0.9022 0.7851 0.8443 0.9762 1.0304 1.0777 0.8637
140 2.003591 3.9035 3.7330 1.5739 0.8944 0.7703 0.8364 0.9728 1.0281 1.0758 0.8547
141 2.003716 3.9063 3.7384 1.5798 0.8864 0.7555 0.8284 0.9693 1.0257 1.0737 0.8457
142 2.003823 3.9091 3.7436 1.5858 0.8782 0.7405 0.8201 0.9653 1.0230 1.0712 0.8364
143 2.003917 3.9118 3.7486 1.5919 0.8697 0.7255 0.8116 0.9610 1.0198 1.0684 0.8269
144 2.003998 3.9146 3.7532 1.5982 0.8611 0.7106 0.8030 0.9565 1.0163 1.0653 0.8172
145 2.004071 3.9172 3.7574 1.6046 0.8522 0.6956 0.7942 0.9517 1.0125 1.0617 0.8075
146 2.004132 3.9198 3.7613 1.6112 0.8431 0.6805 0.7851 0.9465 1.0082 1.0578 0.7974
147 2.004191 3.9226 3.7654 1.6183 0.8336 0.6649 0.7757 0.9411 1.0038 1.0538 0.7869
148 2.004269 3.9256 3.7702 1.6254 0.8253 0.6507 0.7675 0.9369 1.0004 1.0511 0.7777
149 2.004368 3.9262 3.7755 1.6225 0.8354 0.6602 0.7776 0.9472 1.0111 1.0620 0.7876
150 2.004405 3.9251 3.7774 1.6162 0.8483 0.6761 0.7904 0.9582 1.0220 1.0727 0.8010
151 2.004427 3.9235 3.7780 1.6092 0.8613 0.6929 0.8033 0.9686 1.0321 1.0825 0.8145
152 2.004446 3.9218 3.7782 1.6022 0.8740 0.7096 0.8160 0.9787 1.0417 1.0919 0.8279
153 2.004463 3.9201 3.7784 1.5952 0.8872 0.7271 0.8290 0.9890 1.0516 1.1015 0.8416
154 2.004479 3.9181 3.7780 1.5875 0.9012 0.7462 0.8429 0.9996 1.0617 1.1113 0.8564
155 2.004505 3.9153 3.7744 1.5800 0.9128 0.7644 0.8544 1.0070 1.0681 1.1172 0.8691
156 2.004548 3.9110 3.7635 1.5734 0.9180 0.7796 0.8598 1.0057 1.0651 1.1136 0.8758
157 2.004611 3.9055 3.7401 1.5754 0.8995 0.7731 0.8416 0.9797 1.0365 1.0842 0.8594
158 2.004659 3.9021 3.7214 1.5802 0.8788 0.7603 0.8212 0.9543 1.0092 1.0565 0.8400
159 2.004714 3.8986 3.7020 1.5856 0.8573 0.7470 0.7999 0.9277 0.9809 1.0276 0.8199
160 2.004781 3.8950 3.6815 1.5915 0.8348 0.7342 0.7777 0.8996 0.9512 0.9972 0.7990
161 2.004871 3.8909 3.6600 1.5969 0.8136 0.7245 0.7566 0.8717 0.9221 0.9671 0.7795
162 2.005019 3.8848 3.6292 1.6029 0.7864 0.7164 0.7288 0.8331 0.8823 0.9255 0.7550
163 2.005212 3.8784 3.5994 1.6072 0.7635 0.7145 0.7050 0.7980 0.8456 0.8872 0.7350
164 2.005448 3.8718 3.5706 1.6100 0.7453 0.7166 0.6868 0.7682 0.8136 0.8537 0.7198
165 2.005717 3.8654 3.5440 1.6113 0.7319 0.7220 0.6741 0.7442 0.7874 0.8260 0.7095
166 2.006009 3.8596 3.5200 1.6116 0.7224 0.7301 0.6654 0.7248 0.7661 0.8031 0.7027
167 2.006314 3.8541 3.4984 1.6113 0.7159 0.7402 0.6597 0.7092 0.7485 0.7840 0.6988
168 2.006627 3.8488 3.4786 1.6104 0.7115 0.7521 0.6562 0.6961 0.7336 0.7675 0.6970
169 2.006941 3.8439 3.4599 1.6092 0.7087 0.7653 0.6544 0.6851 0.7205 0.7529 0.6966
170 2.007256 3.8390 3.4421 1.6076 0.7071 0.7793 0.6539 0.6757 0.7091 0.7400 0.6977
171 2.007568 3.8342 3.4248 1.6057 0.7067 0.7940 0.6547 0.6678 0.6991 0.7283 0.6998
172 2.007877 3.8295 3.4082 1.6035 0.7076 0.8092 0.6568 0.6616 0.6907 0.7182 0.7030
173 2.008182 3.8248 3.3922 1.6010 0.7096 0.8255 0.6601 0.6568 0.6835 0.7093 0.7074
174 2.008477 3.8201 3.3764 1.5980 0.7127 0.8432 0.6646 0.6530 0.6775 0.7013 0.7130
175 2.008762 3.8153 3.3606 1.5947 0.7167 0.8626 0.6701 0.6502 0.6720 0.6940 0.7196
176 2.009036 3.8105 3.3451 1.5910 0.7218 0.8837 0.6767 0.6481 0.6672 0.6872 0.7274
177 2.009301 3.8057 3.3302 1.5869 0.7282 0.9061 0.6846 0.6476 0.6638 0.6819 0.7364
178 2.009555 3.8010 3.3159 1.5823 0.7358 0.9296 0.6942 0.6488 0.6620 0.6780 0.7469
179 2.009800 3.7964 3.3029 1.5773 0.7450 0.9542 0.7051 0.6519 0.6620 0.6760 0.7588
180 2.010034 3.7922 3.2915 1.5718 0.7558 0.9798 0.7177 0.6570 0.6643 0.6762 0.7722
181 2.010256 3.7883 3.2818 1.5657 0.7683 1.0063 0.7318 0.6642 0.6687 0.6786 0.7870
182 2.010532 3.7836 3.2718 1.5569 0.7875 1.0425 0.7529 0.6773 0.6782 0.6857 0.8091
183 2.010799 3.7790 3.2634 1.5469 0.8101 1.0822 0.7776 0.6940 0.6914 0.6965 0.8347
184 2.011056 3.7745 3.2572 1.5355 0.8364 1.1252 0.8059 0.7149 0.7086 0.7113 0.8640
185 2.011300 3.7702 3.2529 1.5228 0.8664 1.1715 0.8379 0.7397 0.7298 0.7303 0.8968
186 2.011534 3.7663 3.2510 1.5089 0.8999 1.2210 0.8734 0.7684 0.7551 0.7533 0.9332
187 2.011752 3.7626 3.2514 1.4937 0.9368 1.2727 0.9122 0.8009 0.7843 0.7804 0.9726
188 2.011959 3.7591 3.2537 1.4776 0.9764 1.3268 0.9536 0.8365 0.8167 0.8109 1.0148
189 2.012155 3.7559 3.2577 1.4606 1.0185 1.3824 0.9975 0.8747 0.8519 0.8444 1.0592
190 2.012341 3.7528 3.2632 1.4431 1.0625 1.4393 1.0432 0.9153 0.8896 0.8804 1.1054
191 2.012520 3.7500 3.2699 1.4249 1.1080 1.4973 1.0903 0.9575 0.9290 0.9182 1.1531
192 2.012693 3.7469 3.2766 1.4061 1.1555 1.5580 1.1396 1.0015 0.9701 0.9577 1.2028
193 2.012870 3.7438 3.2830 1.3869 1.2043 1.6208 1.1903 1.0467 1.0121 0.9980 1.2541
194 2.013065 3.7402 3.2879 1.3676 1.2532 1.6853 1.2414 1.0916 1.0535 1.0374 1.3057
195 2.013287 3.7362 3.2889 1.3508 1.2964 1.7457 1.2871 1.1304 1.0884 1.0702 1.3519
196 2.013547 3.7316 3.2816 1.3401 1.3247 1.7935 1.3184 1.1540 1.1075 1.0867 1.3837
197 2.013835 3.7272 3.2639 1.3400 1.3273 1.8159 1.3241 1.1519 1.1008 1.0776 1.3899
198 2.014091 3.7237 3.2423 1.3478 1.3102 1.8144 1.3095 1.1312 1.0763 1.0512 1.3756
199 2.014325 3.7209 3.2190 1.3598 1.2822 1.7990 1.2837 1.1003 1.0424 1.0158 1.3500
200 2.014545 3.7185 3.1963 1.3729 1.2511 1.7787 1.2545 1.0669 1.0062 0.9783 1.3209
201 2.014762 3.7162 3.1736 1.3868 1.2182 1.7557 1.2233 1.0317 0.9686 0.9396 1.2898
202 2.014989 3.7141 3.1510 1.4007 1.1852 1.7328 1.1921 0.9965 0.9311 0.9007 1.2587
203 2.015212 3.7122 3.1267 1.4176 1.1450 1.7012 1.1535 0.9544 0.8868 0.8555 1.2201
204 2.015425 3.7107 3.1017 1.4364 1.0996 1.6630 1.1095 0.9075 0.8380 0.8059 1.1760
205 2.015616 3.7094 3.0787 1.4548 1.0552 1.6243 1.0662 0.8620 0.7910 0.7583 1.1327
206 2.015807 3.7083 3.0567 1.4724 1.0124 1.5868 1.0244 0.8181 0.7458 0.7125 1.0908
207 2.016001 3.7073 3.0351 1.4895 0.9710 1.5507 0.9840 0.7755 0.7020 0.6680 1.0505
208 2.016198 3.7061 3.0136 1.5066 0.9297 1.5150 0.9437 0.7331 0.6582 0.6237 1.0102
209 2.016394 3.7050 2.9920 1.5237 0.8882 1.4790 0.9033 0.6906 0.6144 0.5792 0.9698
210 2.016587 3.7039 2.9703 1.5410 0.8464 1.4426 0.8624 0.6475 0.5700 0.5342 0.9289
211 2.016784 3.7027 2.9489 1.5580 0.8053 1.4071 0.8225 0.6054 0.5266 0.4901 0.8889
212 2.016982 3.7016 2.9275 1.5748 0.7646 1.3720 0.7828 0.5635 0.4833 0.4463 0.8493
213 2.017179 3.7005 2.9061 1.5918 0.7237 1.3368 0.7430 0.5214 0.4400 0.4022 0.8094
214 2.017375 3.6994 2.8846 1.6089 0.6826 1.3012 0.7030 0.4792 0.3964 0.3581 0.7693
215 2.017570 3.6982 2.8632 1.6259 0.6416 1.2658 0.6630 0.4370 0.3529 0.3139 0.7293
216 2.017765 3.6972 2.8418 1.6429 0.6005 1.2304 0.6232 0.3949 0.3094 0.2698 0.6893
217 2.017784 3.6971 2.8398 1.6445 0.5967 1.2271 0.6194 0.3910 0.3053 0.2656 0.6856
218 2.017801 3.6970 2.8378 1.6462 0.5928 1.2238 0.6157 0.3870 0.3012 0.2614 0.6818
219 2.017819 3.6969 2.8357 1.6478 0.5889 1.2204 0.6118 0.3831 0.2971 0.2573 0.6780
220 2.017837 3.6968 2.8337 1.6493 0.5851 1.2171 0.6082 0.3790 0.2930 0.2531 0.6743
221 2.017855 3.6967 2.8317 1.6510 0.5812 1.2138 0.6044 0.3751 0.2889 0.2490 0.6705
222 2.017873 3.6966 2.8297 1.6526 0.5773 1.2104 0.6006 0.3711 0.2847 0.2448 0.6667
223 2.017891 3.6964 2.8276 1.6542 0.5734 1.2071 0.5967 0.3671 0.2807 0.2406 0.6630
224 2.017909 3.6963 2.8256 1.6559 0.5695 1.2037 0.5929 0.3631 0.2766 0.2364 0.6591
225 2.017927 3.6962 2.8236 1.6575 0.5656 1.2004 0.5893 0.3591 0.2724 0.2322 0.6553
226 2.017944 3.6962 2.8216 1.6591 0.5617 1.1970 0.5855 0.3551 0.2683 0.2281 0.6515
227 2.018107 3.6953 2.8035 1.6734 0.5272 1.1672 0.5518 0.3197 0.2317 0.1909 0.6178
228 2.018275 3.6943 2.7854 1.6879 0.4923 1.1371 0.5179 0.2839 0.1948 0.1534 0.5839
229 2.018434 3.6934 2.7676 1.7021 0.4582 1.1077 0.4847 0.2488 0.1585 0.1168 0.5506
230 2.018620 3.6924 2.7469 1.7187 0.4182 1.0731 0.4458 0.2079 0.1163 0.0739 0.5117
231 2.018839 3.6911 2.7232 1.7375 0.3730 1.0343 0.4019 0.1613 0.0683 0.0252 0.4676
232 2.018996 3.6903 2.7062 1.7512 0.3401 1.0057 0.3697 0.1276 0.0336 -0.0100 0.4355
233 2.019195 3.6892 2.6850 1.7682 0.2994 0.9708 0.3302 0.0859 -0.0094 -0.0537 0.3958
234 2.019367 3.6883 2.6663 1.7831 0.2635 0.9397 0.2953 0.0491 -0.0474 -0.0922 0.3608
235 2.019545 3.6874 2.6476 1.7982 0.2275 0.9088 0.2603 0.0122 -0.0855 -0.1309 0.3258
236 2.019719 3.6864 2.6293 1.8128 0.1925 0.8788 0.2262 -0.0237 -0.1226 -0.1685 0.2917
237 2.019924 3.6854 2.6075 1.8302 0.1506 0.8427 0.1855 -0.0667 -0.1668 -0.2134 0.2509
238 2.020101 3.6844 2.5889 1.8452 0.1150 0.8124 0.1510 -0.1032 -0.2045 -0.2517 0.2162
239 2.020298 3.6833 2.5679 1.8619 0.0751 0.7781 0.1122 -0.1442 -0.2469 -0.2947 0.1774
240 2.020485 3.6824 2.5482 1.8777 0.0373 0.7458 0.0755 -0.1830 -0.2868 -0.3353 0.1406
241 2.020665 3.6813 2.5291 1.8930 0.0009 0.7148 0.0402 -0.2203 -0.3253 -0.3745 0.1052
242 2.020826 3.6805 2.5120 1.9067 -0.0317 0.6870 0.0086 -0.2538 -0.3600 -0.4096 0.0735
243 2.021014 3.6795 2.4919 1.9226 -0.0696 0.6550 -0.0280 -0.2927 -0.4002 -0.4505 0.0367
244 2.021217 3.6783 2.4703 1.9396 -0.1098 0.6211 -0.0669 -0.3341 -0.4430 -0.4942 -0.0024
245 2.021401 3.6773 2.4505 1.9554 -0.1472 0.5896 -0.1031 -0.3724 -0.4827 -0.5345 -0.0387
246 2.021549 3.6764 2.4342 1.9681 -0.1772 0.5646 -0.1320 -0.4033 -0.5147 -0.5671 -0.0677
247 2.021729 3.6753 2.4144 1.9838 -0.2142 0.5337 -0.1678 -0.4414 -0.5542 -0.6073 -0.1037
248 2.021908 3.6743 2.3947 1.9991 -0.2505 0.5036 -0.2029 -0.4787 -0.5928 -0.6466 -0.1388
249 2.022089 3.6731 2.3743 2.0152 -0.2882 0.4724 -0.2392 -0.5174 -0.6330 -0.6876 -0.1754
250 2.022255 3.6721 2.3556 2.0299 -0.3229 0.4436 -0.2728 -0.5531 -0.6699 -0.7253 -0.2090
251 2.022427 3.6710 2.3364 2.0449 -0.3579 0.4148 -0.3066 -0.5892 -0.7074 -0.7635 -0.2430
252 2.022584 3.6701 2.3185 2.0589 -0.3909 0.3876 -0.3384 -0.6230 -0.7424 -0.7992 -0.2749
253 2.022762 3.6690 2.2987 2.0743 -0.4270 0.3580 -0.3732 -0.6602 -0.7810 -0.8386 -0.3098
254 2.022919 3.6680 2.2804 2.0886 -0.4603 0.3307 -0.4053 -0.6946 -0.8167 -0.8751 -0.3421
255 2.023080 3.6669 2.2615 2.1033 -0.4945 0.3029 -0.4382 -0.7298 -0.8533 -0.9125 -0.3751
256 2.023251 3.6658 2.2418 2.1187 -0.5304 0.2737 -0.4725 -0.7667 -0.8916 -0.9517 -0.4097
257 2.023409 3.6649 2.2234 2.1330 -0.5637 0.2468 -0.5044 -0.8009 -0.9272 -0.9880 -0.4418
258 2.023550 3.6638 2.2070 2.1458 -0.5934 0.2227 -0.5330 -0.8315 -0.9590 -1.0206 -0.4705
259 2.023716 3.6628 2.1873 2.1610 -0.6287 0.1943 -0.5667 -0.8679 -0.9970 -1.0593 -0.5046
260 2.023854 3.6618 2.1708 2.1739 -0.6585 0.1704 -0.5952 -0.8985 -1.0289 -1.0921 -0.5332
261 2.023996 3.6608 2.1538 2.1870 -0.6888 0.1460 -0.6242 -0.9298 -1.0615 -1.1254 -0.5625
262 2.024144 3.6599 2.1362 2.2007 -0.7205 0.1207 -0.6545 -0.9625 -1.0956 -1.1602 -0.5930
263 2.024268 3.6590 2.1213 2.2123 -0.7471 0.0993 -0.6801 -0.9899 -1.1242 -1.1894 -0.6188
264 2.024418 3.6580 2.1033 2.2262 -0.7793 0.0737 -0.7108 -1.0231 -1.1587 -1.2249 -0.6497
265 2.024558 3.6571 2.0862 2.2395 -0.8099 0.0495 -0.7399 -1.0546 -1.1917 -1.2586 -0.6791
266 2.024704 3.6560 2.0678 2.2536 -0.8422 0.0239 -0.7706 -1.0879 -1.2266 -1.2944 -0.7101
267 2.024823 3.6552 2.0538 2.2645 -0.8675 0.0039 -0.7949 -1.1139 -1.2537 -1.3221 -0.7344
268 2.024963 3.6542 2.0363 2.2779 -0.8983 -0.0204 -0.8243 -1.1456 -1.2869 -1.3562 -0.7641
269 2.025079 3.6533 2.0219 2.2891 -0.9239 -0.0406 -0.8487 -1.1720 -1.3144 -1.3843 -0.7887
270 2.025219 3.6523 2.0047 2.3023 -0.9540 -0.0640 -0.8774 -1.2031 -1.3470 -1.4179 -0.8177
271 2.025332 3.6515 1.9906 2.3130 -0.9784 -0.0830 -0.9006 -1.2284 -1.3735 -1.4450 -0.8411
272 2.025473 3.6506 1.9735 2.3263 -1.0086 -0.1064 -0.9291 -1.2595 -1.4062 -1.4785 -0.8700
273 2.025587 3.6497 1.9593 2.3372 -1.0337 -0.1261 -0.9529 -1.2854 -1.4332 -1.5063 -0.8941
274 2.025778 3.6487 1.9419 2.3506 -1.0641 -0.1497 -0.9815 -1.3168 -1.4662 -1.5402 -0.9232


