#AGE=12.000 EEPS=267
#EEP M/Mo LogTeff LogG LogL/Lo open gp1 rp1 ip1 zp1 yp1 wp1
13 0.120189 3.4778 5.1598 -2.7776 12.3642 14.9674 13.7210 12.1371 11.3974 11.0068 13.0949
14 0.141827 3.4810 5.1055 -2.6385 12.0146 14.5775 13.3429 11.7841 11.0540 10.6653 12.7342
15 0.160851 3.4846 5.0679 -2.5321 11.7468 14.2709 13.0492 11.5139 10.7918 10.4054 12.4566
16 0.176702 3.4880 5.0419 -2.4516 11.5437 14.0330 12.8240 11.3092 10.5938 10.2096 12.2453
17 0.190951 3.4909 5.0208 -2.3851 11.3713 13.8297 12.6306 11.1347 10.4259 10.0456 12.0646
18 0.204659 3.4934 5.0015 -2.3258 11.2130 13.6436 12.4513 10.9735 10.2719 9.8971 11.8973
19 0.218541 3.4956 4.9835 -2.2704 11.0634 13.4674 12.2815 10.8210 10.1264 9.7572 11.7390
20 0.233181 3.4979 4.9664 -2.2160 10.9159 13.2936 12.1137 10.6707 9.9830 9.6196 11.5828
21 0.249074 3.5002 4.9495 -2.1613 10.7651 13.1150 11.9411 10.5166 9.8367 9.4800 11.4223
22 0.270811 3.5031 4.9283 -2.0919 10.5732 12.8872 11.7209 10.3203 9.6506 9.3025 11.2178
23 0.291271 3.5058 4.9121 -2.0336 10.4140 12.6988 11.5407 10.1578 9.4962 9.1542 11.0490
24 0.303697 3.5073 4.9038 -2.0009 10.3250 12.5934 11.4404 10.0669 9.4099 9.0711 10.9546
25 0.311125 3.5082 4.9003 -1.9833 10.2767 12.5356 11.3856 10.0173 9.3633 9.0264 10.9030
26 0.315871 3.5088 4.9002 -1.9741 10.2506 12.5032 11.3551 9.9904 9.3384 9.0029 10.8748
27 0.319393 3.5092 4.8972 -1.9648 10.2257 12.4744 11.3277 9.9651 9.3141 8.9793 10.8487
28 0.321965 3.5095 4.8940 -1.9569 10.2049 12.4504 11.3049 9.9440 9.2937 8.9594 10.8270
29 0.323738 3.5098 4.8951 -1.9545 10.1974 12.4400 11.2953 9.9360 9.2867 8.9531 10.8184
30 0.325615 3.5100 4.8932 -1.9491 10.1832 12.4235 11.2797 9.9216 9.2729 8.9396 10.8035
31 0.327640 3.5103 4.8921 -1.9441 10.1696 12.4071 11.2643 9.9078 9.2598 8.9270 10.7891
32 0.330527 3.5107 4.8896 -1.9364 10.1491 12.3832 11.2419 9.8869 9.2399 8.9074 10.7676
33 0.334542 3.5111 4.8865 -1.9262 10.1223 12.3520 11.2127 9.8598 9.2138 8.8818 10.7396
34 0.340824 3.5118 4.8822 -1.9113 10.0831 12.3068 11.1700 9.8201 9.1756 8.8444 10.6988
35 0.422851 3.5245 4.8159 -1.7021 9.5342 11.6551 10.5737 9.2627 8.6436 8.3232 10.1243
36 0.445273 3.5292 4.7966 -1.6424 9.3778 11.4677 10.4058 9.1023 8.4926 8.1762 9.9597
37 0.475671 3.5356 4.7706 -1.5599 9.1594 11.2077 10.1720 8.8772 8.2813 7.9717 9.7296
38 0.492315 3.5398 4.7557 -1.5128 9.0368 11.0607 10.0410 8.7502 8.1632 7.8581 9.5998
39 0.510512 3.5450 4.7402 -1.4607 8.9016 10.8973 9.8950 8.6096 8.0337 7.7345 9.4558
40 0.529235 3.5510 4.7248 -1.4056 8.7584 10.7212 9.7365 8.4600 7.8980 7.6059 9.3013
41 0.548564 3.5579 4.7096 -1.3476 8.6045 10.5254 9.5566 8.2995 7.7547 7.4719 9.1322
42 0.566346 3.5647 4.6961 -1.2929 8.4553 10.3276 9.3705 8.1439 7.6189 7.3465 8.9644
43 0.582963 3.5715 4.6839 -1.2410 8.3089 10.1276 9.1779 7.9917 7.4889 7.2284 8.7963
44 0.597753 3.5779 4.6733 -1.1941 8.1718 9.9353 8.9892 7.8497 7.3701 7.1222 8.6360
45 0.611261 3.5840 4.6639 -1.1508 8.0385 9.7437 8.7978 7.7127 7.2583 7.0238 8.4775
46 0.623959 3.5897 4.6552 -1.1098 7.9086 9.5550 8.6068 7.5800 7.1518 6.9313 8.3214
47 0.635689 3.5953 4.6473 -1.0717 7.7844 9.3731 8.4206 7.4542 7.0524 6.8455 8.1712
48 0.646680 3.6005 4.6400 -1.0358 7.6651 9.1979 8.2396 7.3342 6.9587 6.7650 8.0261
49 0.657249 3.6057 4.6330 -1.0013 7.5495 9.0300 8.0638 7.2196 6.8706 6.6890 7.8855
50 0.667257 3.6105 4.6265 -0.9686 7.4393 8.8708 7.8961 7.1111 6.7878 6.6175 7.7514
51 0.676155 3.6150 4.6207 -0.9393 7.3405 8.7293 7.7468 7.0149 6.7145 6.5538 7.6316
52 0.683242 3.6186 4.6160 -0.9158 7.2612 8.6164 7.6281 6.9381 6.6561 6.5028 7.5359
53 0.690174 3.6221 4.6113 -0.8928 7.1837 8.5066 7.5135 6.8634 6.5991 6.4527 7.4428
54 0.696952 3.6255 4.6068 -0.8702 7.1085 8.4011 7.4055 6.7914 6.5432 6.4033 7.3537
55 0.703586 3.6288 4.6023 -0.8482 7.0354 8.2992 7.3023 6.7216 6.4888 6.3547 7.2675
56 0.710034 3.6322 4.5979 -0.8266 6.9647 8.2009 7.2040 6.6542 6.4357 6.3072 7.1848
57 0.716321 3.6354 4.5936 -0.8056 6.8961 8.1060 7.1105 6.5891 6.3839 6.2606 7.1051
58 0.722511 3.6385 4.5893 -0.7850 6.8292 8.0138 7.0211 6.5259 6.3331 6.2147 7.0281
59 0.728569 3.6416 4.5849 -0.7648 6.7644 7.9248 6.9358 6.4646 6.2832 6.1694 6.9538
60 0.734493 3.6447 4.5808 -0.7449 6.7010 7.8376 6.8541 6.4048 6.2339 6.1247 6.8819
61 0.740316 3.6476 4.5765 -0.7254 6.6395 7.7532 6.7761 6.3467 6.1855 6.0805 6.8125
62 0.746019 3.6505 4.5723 -0.7062 6.5793 7.6706 6.7010 6.2900 6.1376 6.0368 6.7450
63 0.751644 3.6534 4.5681 -0.6872 6.5204 7.5899 6.6287 6.2346 6.0904 5.9936 6.6795
64 0.757208 3.6562 4.5639 -0.6686 6.4628 7.5111 6.5591 6.1804 6.0437 5.9507 6.6157
65 0.762675 3.6589 4.5596 -0.6502 6.4066 7.4343 6.4922 6.1275 5.9976 5.9084 6.5538
66 0.768048 3.6616 4.5553 -0.6322 6.3519 7.3597 6.4280 6.0762 5.9523 5.8667 6.4939
67 0.773339 3.6642 4.5510 -0.6144 6.2987 7.2870 6.3663 6.0261 5.9077 5.8256 6.4360
68 0.778509 3.6667 4.5466 -0.5971 6.2471 7.2169 6.3075 5.9778 5.8642 5.7854 6.3802
69 0.783563 3.6691 4.5422 -0.5801 6.1972 7.1490 6.2511 5.9308 5.8217 5.7460 6.3263
70 0.788502 3.6715 4.5377 -0.5636 6.1490 7.0835 6.1971 5.8855 5.7802 5.7075 6.2744
71 0.793336 3.6738 4.5332 -0.5474 6.1020 7.0198 6.1450 5.8413 5.7395 5.6697 6.2241
72 0.798066 3.6759 4.5288 -0.5316 6.0564 6.9583 6.0949 5.7983 5.6998 5.6328 6.1755
73 0.802653 3.6781 4.5243 -0.5161 6.0120 6.8985 6.0465 5.7567 5.6611 5.5967 6.1283
74 0.807101 3.6802 4.5199 -0.5011 5.9690 6.8407 5.9999 5.7163 5.6234 5.5615 6.0826
75 0.811441 3.6822 4.5155 -0.4863 5.9269 6.7842 5.9544 5.6768 5.5865 5.5271 6.0380
76 0.815679 3.6842 4.5111 -0.4718 5.8860 6.7294 5.9102 5.6382 5.5504 5.4934 5.9945
77 0.819837 3.6860 4.5067 -0.4575 5.8458 6.6757 5.8671 5.6003 5.5150 5.4602 5.9520
78 0.823921 3.6879 4.5022 -0.4434 5.8064 6.6233 5.8251 5.5633 5.4801 5.4274 5.9104
79 0.827950 3.6897 4.4977 -0.4295 5.7676 6.5719 5.7838 5.5267 5.4457 5.3952 5.8695
80 0.831923 3.6915 4.4931 -0.4158 5.7294 6.5216 5.7434 5.4907 5.4118 5.3632 5.8293
81 0.835844 3.6932 4.4884 -0.4021 5.6919 6.4725 5.7037 5.4553 5.3783 5.3317 5.7899
82 0.839389 3.6947 4.4840 -0.3898 5.6582 6.4284 5.6681 5.4233 5.3480 5.3031 5.7544
83 0.842919 3.6963 4.4796 -0.3776 5.6246 6.3847 5.6327 5.3916 5.3179 5.2746 5.7192
84 0.846400 3.6977 4.4752 -0.3655 5.5916 6.3420 5.5982 5.3603 5.2883 5.2466 5.6846
85 0.849830 3.6992 4.4707 -0.3535 5.5592 6.3004 5.5642 5.3297 5.2591 5.2188 5.6507
86 0.853210 3.7005 4.4662 -0.3418 5.5273 6.2596 5.5308 5.2994 5.2304 5.1916 5.6173
87 0.856535 3.7018 4.4616 -0.3301 5.4960 6.2198 5.4981 5.2697 5.2021 5.1647 5.5846
88 0.859803 3.7031 4.4570 -0.3188 5.4652 6.1808 5.4660 5.2405 5.1743 5.1381 5.5525
89 0.863020 3.7044 4.4523 -0.3075 5.4350 6.1427 5.4346 5.2117 5.1470 5.1120 5.5211
90 0.866179 3.7056 4.4477 -0.2964 5.4054 6.1055 5.4038 5.1835 5.1200 5.0862 5.4902
91 0.869284 3.7068 4.4431 -0.2855 5.3763 6.0692 5.3735 5.1558 5.0936 5.0609 5.4600
92 0.872332 3.7079 4.4384 -0.2748 5.3478 6.0337 5.3440 5.1287 5.0677 5.0361 5.4304
93 0.875328 3.7090 4.4337 -0.2643 5.3199 5.9992 5.3150 5.1020 5.0421 5.0116 5.4013
94 0.878268 3.7101 4.4289 -0.2539 5.2925 5.9655 5.2867 5.0759 5.0171 4.9876 5.3729
95 0.881158 3.7111 4.4242 -0.2438 5.2657 5.9326 5.2590 5.0502 4.9926 4.9639 5.3452
96 0.883997 3.7120 4.4195 -0.2338 5.2394 5.9006 5.2319 5.0251 4.9684 4.9406 5.3180
97 0.886789 3.7129 4.4148 -0.2240 5.2137 5.8693 5.2053 5.0004 4.9448 4.9178 5.2913
98 0.889543 3.7138 4.4100 -0.2144 5.1885 5.8389 5.1793 4.9762 4.9215 4.8954 5.2652
99 0.892257 3.7147 4.4053 -0.2050 5.1637 5.8092 5.1538 4.9525 4.8987 4.8733 5.2397
100 0.894937 3.7155 4.4006 -0.1956 5.1395 5.7803 5.1289 4.9293 4.8763 4.8515 5.2147
101 0.897588 3.7163 4.3958 -0.1865 5.1157 5.7521 5.1045 4.9064 4.8542 4.8300 5.1902
102 0.900217 3.7170 4.3911 -0.1775 5.0924 5.7245 5.0806 4.8839 4.8325 4.8090 5.1662
103 0.902819 3.7177 4.3863 -0.1686 5.0695 5.6976 5.0572 4.8618 4.8111 4.7882 5.1427
104 0.905391 3.7184 4.3815 -0.1600 5.0471 5.6714 5.0342 4.8401 4.7901 4.7677 5.1197
105 0.907926 3.7190 4.3767 -0.1514 5.0251 5.6459 5.0117 4.8189 4.7694 4.7477 5.0971
106 0.910403 3.7196 4.3719 -0.1431 5.0035 5.6210 4.9897 4.7981 4.7492 4.7279 5.0750
107 0.912804 3.7202 4.3670 -0.1349 4.9825 5.5968 4.9682 4.7776 4.7294 4.7085 5.0535
108 0.915104 3.7207 4.3623 -0.1269 4.9619 5.5731 4.9471 4.7577 4.7100 4.6896 5.0323
109 0.917297 3.7212 4.3577 -0.1191 4.9417 5.5500 4.9266 4.7381 4.6910 4.6710 5.0117
110 0.919407 3.7218 4.3531 -0.1114 4.9221 5.5275 4.9065 4.7190 4.6725 4.6529 4.9916
111 0.921439 3.7223 4.3485 -0.1039 4.9028 5.5054 4.8869 4.7004 4.6542 4.6351 4.9719
112 0.922952 3.7226 4.3450 -0.0982 4.8882 5.4889 4.8720 4.6862 4.6405 4.6216 4.9570
113 0.924468 3.7230 4.3415 -0.0925 4.8735 5.4722 4.8571 4.6719 4.6265 4.6080 4.9420
114 0.925987 3.7233 4.3378 -0.0866 4.8587 5.4553 4.8420 4.6575 4.6125 4.5942 4.9268
115 0.927507 3.7236 4.3340 -0.0809 4.8437 5.4384 4.8268 4.6429 4.5983 4.5803 4.9115
116 0.929029 3.7240 4.3302 -0.0749 4.8286 5.4214 4.8114 4.6283 4.5839 4.5661 4.8961
117 0.930554 3.7243 4.3263 -0.0689 4.8134 5.4043 4.7959 4.6134 4.5694 4.5520 4.8805
118 0.932082 3.7247 4.3223 -0.0629 4.7980 5.3870 4.7804 4.5984 4.5547 4.5376 4.8649
119 0.933610 3.7250 4.3183 -0.0569 4.7825 5.3697 4.7646 4.5833 4.5400 4.5231 4.8491
120 0.935134 3.7253 4.3142 -0.0507 4.7669 5.3523 4.7488 4.5680 4.5251 4.5084 4.8332
121 0.936624 3.7257 4.3101 -0.0445 4.7510 5.3344 4.7325 4.5525 4.5099 4.4935 4.8169
122 0.938109 3.7260 4.3059 -0.0381 4.7349 5.3163 4.7162 4.5369 4.4946 4.4785 4.8005
123 0.939606 3.7264 4.3017 -0.0319 4.7189 5.2984 4.6998 4.5213 4.4793 4.4635 4.7842
124 0.941108 3.7268 4.2975 -0.0256 4.7028 5.2804 4.6836 4.5056 4.4640 4.4485 4.7678
125 0.942619 3.7271 4.2932 -0.0192 4.6867 5.2626 4.6673 4.4899 4.4487 4.4333 4.7515
126 0.944133 3.7274 4.2888 -0.0129 4.6706 5.2447 4.6509 4.4742 4.4332 4.4181 4.7351
127 0.945651 3.7277 4.2843 -0.0065 4.6544 5.2269 4.6346 4.4583 4.4177 4.4028 4.7187
128 0.947172 3.7280 4.2797 -0.0001 4.6382 5.2092 4.6181 4.4424 4.4020 4.3874 4.7022
129 0.948698 3.7282 4.2751 0.0063 4.6219 5.1915 4.6017 4.4265 4.3863 4.3719 4.6857
130 0.950225 3.7285 4.2702 0.0128 4.6055 5.1739 4.5853 4.4104 4.3705 4.3563 4.6692
131 0.951752 3.7288 4.2654 0.0193 4.5891 5.1560 4.5686 4.3943 4.3546 4.3406 4.6525
132 0.953282 3.7290 4.2605 0.0259 4.5726 5.1383 4.5520 4.3781 4.3386 4.3247 4.6358
133 0.954815 3.7291 4.2553 0.0324 4.5561 5.1208 4.5354 4.3618 4.3224 4.3087 4.6191
134 0.956346 3.7293 4.2502 0.0390 4.5394 5.1032 4.5186 4.3453 4.3061 4.2926 4.6023
135 0.957879 3.7294 4.2448 0.0457 4.5227 5.0855 4.5018 4.3288 4.2897 4.2763 4.5854
136 0.959410 3.7296 4.2393 0.0524 4.5059 5.0679 4.4849 4.3121 4.2732 4.2599 4.5685
137 0.960939 3.7297 4.2338 0.0591 4.4890 5.0503 4.4679 4.2953 4.2565 4.2434 4.5515
138 0.962470 3.7298 4.2280 0.0659 4.4720 5.0328 4.4509 4.2785 4.2397 4.2267 4.5345
139 0.963996 3.7299 4.2222 0.0728 4.4549 5.0152 4.4338 4.2615 4.2228 4.2098 4.5173
140 0.965519 3.7300 4.2162 0.0795 4.4378 4.9977 4.4167 4.2445 4.2058 4.1929 4.5001
141 0.967043 3.7300 4.2101 0.0864 4.4206 4.9803 4.3995 4.2273 4.1886 4.1757 4.4829
142 0.968561 3.7300 4.2038 0.0934 4.4033 4.9630 4.3822 4.2101 4.1713 4.1585 4.4657
143 0.970078 3.7299 4.1974 0.1003 4.3860 4.9459 4.3650 4.1927 4.1539 4.1411 4.4484
144 0.971587 3.7298 4.1907 0.1074 4.3686 4.9288 4.3477 4.1752 4.1363 4.1235 4.4311
145 0.973092 3.7297 4.1839 0.1144 4.3512 4.9119 4.3305 4.1578 4.1187 4.1057 4.4138
146 0.974594 3.7295 4.1768 0.1214 4.3338 4.8951 4.3132 4.1401 4.1008 4.0879 4.3965
147 0.976091 3.7293 4.1696 0.1284 4.3163 4.8787 4.2959 4.1225 4.0830 4.0700 4.3792
148 0.977586 3.7290 4.1621 0.1356 4.2989 4.8625 4.2788 4.1048 4.0649 4.0518 4.3621
149 0.979073 3.7288 4.1543 0.1427 4.2815 4.8466 4.2616 4.0870 4.0468 4.0335 4.3449
150 0.980561 3.7283 4.1464 0.1497 4.2641 4.8311 4.2446 4.0692 4.0285 4.0150 4.3279
151 0.982044 3.7279 4.1380 0.1568 4.2467 4.8159 4.2276 4.0514 4.0101 3.9964 4.3109
152 0.983530 3.7273 4.1294 0.1639 4.2294 4.8013 4.2108 4.0335 3.9917 3.9776 4.2941
153 0.985013 3.7267 4.1204 0.1711 4.2123 4.7872 4.1941 4.0157 3.9731 3.9588 4.2774
154 0.986505 3.7259 4.1109 0.1782 4.1953 4.7741 4.1778 3.9979 3.9543 3.9396 4.2611
155 0.988006 3.7250 4.1009 0.1853 4.1785 4.7616 4.1618 3.9802 3.9356 3.9204 4.2451
156 0.989524 3.7239 4.0903 0.1922 4.1621 4.7505 4.1462 3.9625 3.9168 3.9009 4.2296
157 0.991068 3.7226 4.0788 0.1991 4.1460 4.7410 4.1312 3.9451 3.8979 3.8813 4.2147
158 0.992659 3.7210 4.0662 0.2059 4.1307 4.7338 4.1172 3.9280 3.8790 3.8614 4.2007
159 0.994304 3.7188 4.0520 0.2124 4.1165 4.7304 4.1049 3.9116 3.8603 3.8414 4.1884
160 0.996021 3.7161 4.0355 0.2183 4.1048 4.7332 4.0957 3.8969 3.8425 3.8218 4.1793
161 0.997758 3.7123 4.0167 0.2229 4.0978 4.7461 4.0922 3.8859 3.8273 3.8040 4.1757
162 0.998972 3.7091 4.0026 0.2245 4.0984 4.7648 4.0960 3.8829 3.8206 3.7949 4.1795
163 1.000189 3.7049 3.9850 0.2261 4.1007 4.7904 4.1025 3.8807 3.8136 3.7848 4.1858
164 1.001407 3.6999 3.9640 0.2277 4.1050 4.8236 4.1120 3.8796 3.8067 3.7738 4.1951
165 1.002624 3.6943 3.9384 0.2313 4.1061 4.8587 4.1193 3.8745 3.7948 3.7572 4.2020
166 1.003808 3.6887 3.9076 0.2400 4.0956 4.8835 4.1158 3.8578 3.7711 3.7284 4.1977
167 1.004892 3.6839 3.8740 0.2551 4.0682 4.8863 4.0950 3.8254 3.7323 3.6852 4.1757
168 1.005844 3.6804 3.8405 0.2752 4.0265 4.8670 4.0585 3.7799 3.6820 3.6316 4.1381
169 1.006690 3.6779 3.8083 0.2978 3.9762 4.8327 4.0121 3.7271 3.6254 3.5729 4.0908
170 1.007466 3.6761 3.7772 0.3218 3.9210 4.7893 3.9600 3.6700 3.5656 3.5114 4.0379
171 1.008197 3.6747 3.7471 0.3465 3.8629 4.7399 3.9044 3.6105 3.5039 3.4486 3.9815
172 1.008896 3.6736 3.7178 0.3717 3.8028 4.6867 3.8464 3.5494 3.4410 3.3849 3.9229
173 1.009575 3.6727 3.6892 0.3971 3.7417 4.6306 3.7868 3.4874 3.3776 3.3208 3.8629
174 1.010241 3.6720 3.6609 0.4227 3.6797 4.5729 3.7262 3.4248 3.3137 3.2565 3.8018
175 1.010898 3.6714 3.6330 0.4485 3.6172 4.5139 3.6650 3.3617 3.2495 3.1921 3.7401
176 1.011545 3.6708 3.6052 0.4743 3.5544 4.4542 3.6033 3.2985 3.1852 3.1275 3.6780
177 1.012180 3.6702 3.5774 0.5001 3.4912 4.3939 3.5412 3.2349 3.1206 3.0627 3.6155
178 1.012805 3.6698 3.5498 0.5261 3.4277 4.3332 3.4788 3.1710 3.0559 2.9979 3.5527
179 1.013418 3.6693 3.5222 0.5522 3.3641 4.2721 3.4162 3.1070 2.9911 2.9328 3.4897
180 1.014016 3.6688 3.4942 0.5783 3.3003 4.2111 3.3534 3.0428 2.9259 2.8673 3.4265
181 1.014603 3.6682 3.4661 0.6044 3.2364 4.1501 3.2906 2.9784 2.8605 2.8018 3.3633
182 1.014898 3.6679 3.4512 0.6183 3.2026 4.1180 3.2575 2.9444 2.8260 2.7671 3.3299
183 1.015191 3.6677 3.4356 0.6328 3.1672 4.0844 3.2227 2.9087 2.7898 2.7308 3.2950
184 1.015481 3.6673 3.4188 0.6484 3.1295 4.0486 3.1856 2.8706 2.7510 2.6918 3.2576
185 1.015770 3.6669 3.4016 0.6642 3.0909 4.0122 3.1479 2.8318 2.7116 2.6521 3.2195
186 1.016056 3.6665 3.3836 0.6808 3.0506 3.9740 3.1084 2.7911 2.6702 2.6106 3.1798
187 1.016336 3.6661 3.3637 0.6989 3.0067 3.9329 3.0653 2.7467 2.6249 2.5650 3.1364
188 1.016615 3.6656 3.3432 0.7176 2.9615 3.8906 3.0212 2.7011 2.5785 2.5183 3.0919
189 1.016888 3.6650 3.3215 0.7373 2.9139 3.8463 2.9749 2.6531 2.5294 2.4689 3.0451
190 1.017157 3.6644 3.2986 0.7580 2.8638 3.7997 2.9261 2.6025 2.4777 2.4168 2.9958
191 1.017421 3.6638 3.2746 0.7795 2.8120 3.7519 2.8757 2.5501 2.4241 2.3628 2.9448
192 1.017681 3.6632 3.2494 0.8021 2.7575 3.7016 2.8227 2.4950 2.3678 2.3061 2.8914
193 1.017935 3.6624 3.2231 0.8255 2.7014 3.6500 2.7683 2.4382 2.3097 2.2473 2.8362
194 1.018185 3.6616 3.1960 0.8496 2.6435 3.5971 2.7122 2.3796 2.2495 2.1866 2.7795
195 1.018426 3.6607 3.1673 0.8749 2.5830 3.5422 2.6537 2.3183 2.1866 2.1230 2.7202
196 1.018664 3.6598 3.1378 0.9009 2.5210 3.4859 2.5937 2.2554 2.1220 2.0577 2.6595
197 1.018894 3.6589 3.1070 0.9278 2.4568 3.4281 2.5319 2.1904 2.0551 1.9900 2.5969
198 1.019118 3.6578 3.0752 0.9555 2.3910 3.3690 2.4686 2.1236 1.9862 1.9203 2.5326
199 1.019335 3.6567 3.0424 0.9839 2.3236 3.3088 2.4040 2.0552 1.9156 1.8489 2.4669
200 1.019544 3.6555 3.0084 1.0133 2.2542 3.2470 2.3376 1.9847 1.8427 1.7748 2.3993
201 1.019745 3.6542 2.9734 1.0433 2.1835 3.1846 2.2702 1.9127 1.7683 1.6993 2.3306
202 1.019940 3.6529 2.9374 1.0741 2.1113 3.1215 2.2017 1.8393 1.6921 1.6218 2.2606
203 1.020128 3.6515 2.9005 1.1054 2.0379 3.0577 2.1324 1.7647 1.6144 1.5429 2.1896
204 1.020308 3.6500 2.8627 1.1374 1.9633 2.9932 2.0622 1.6887 1.5352 1.4623 2.1175
205 1.020481 3.6484 2.8240 1.1700 1.8878 2.9282 1.9914 1.6117 1.4546 1.3803 2.0447
206 1.020647 3.6468 2.7846 1.2030 1.8111 2.8628 1.9200 1.5335 1.3728 1.2968 1.9710
207 1.020807 3.6451 2.7444 1.2366 1.7338 2.7973 1.8482 1.4546 1.2899 1.2122 1.8968
208 1.020963 3.6434 2.7037 1.2704 1.6560 2.7319 1.7766 1.3752 1.2063 1.1268 1.8224
209 1.021117 3.6417 2.6629 1.3043 1.5784 2.6667 1.7053 1.2960 1.1226 1.0414 1.7483
210 1.021282 3.6400 2.6233 1.3370 1.5041 2.6051 1.6375 1.2201 1.0421 0.9589 1.6774
211 1.021498 3.6395 2.6049 1.3535 1.4646 2.5689 1.5994 1.1800 1.0009 0.9174 1.6388
212 1.021697 3.6406 2.6259 1.3373 1.5005 2.5965 1.6310 1.2171 1.0411 0.9589 1.6724
213 1.021832 3.6415 2.6419 1.3248 1.5286 2.6182 1.6563 1.2459 1.0720 0.9907 1.6988
214 1.021973 3.6404 2.6121 1.3503 1.4691 2.5668 1.6012 1.1856 1.0088 0.9263 1.6417
215 1.022096 3.6382 2.5656 1.3878 1.3851 2.4992 1.5260 1.0994 0.9164 0.8314 1.5624
216 1.022217 3.6362 2.5217 1.4237 1.3046 2.4338 1.4541 1.0170 0.8281 0.7408 1.4865
217 1.022238 3.6358 2.5139 1.4300 1.2905 2.4224 1.4416 1.0025 0.8127 0.7249 1.4732
218 1.022259 3.6354 2.5061 1.4363 1.2762 2.4110 1.4289 0.9880 0.7971 0.7090 1.4598
219 1.022280 3.6351 2.4983 1.4427 1.2621 2.3996 1.4164 0.9735 0.7815 0.6929 1.4465
220 1.022300 3.6347 2.4904 1.4490 1.2478 2.3881 1.4038 0.9589 0.7657 0.6767 1.4330
221 1.022320 3.6343 2.4824 1.4555 1.2334 2.3767 1.3912 0.9441 0.7499 0.6605 1.4196
222 1.022340 3.6339 2.4745 1.4619 1.2191 2.3653 1.3786 0.9294 0.7341 0.6442 1.4061
223 1.022360 3.6335 2.4664 1.4685 1.2046 2.3538 1.3659 0.9146 0.7181 0.6277 1.3925
224 1.022380 3.6331 2.4583 1.4749 1.1902 2.3424 1.3533 0.8998 0.7021 0.6112 1.3791
225 1.022401 3.6327 2.4501 1.4816 1.1756 2.3309 1.3406 0.8849 0.6860 0.5947 1.3655
226 1.022420 3.6323 2.4419 1.4881 1.1610 2.3193 1.3278 0.8699 0.6698 0.5779 1.3518
227 1.022595 3.6284 2.3641 1.5505 1.0240 2.2126 1.2103 0.7293 0.5172 0.4205 1.2246
228 1.022745 3.6245 2.2886 1.6104 0.8940 2.1138 1.1018 0.5957 0.3708 0.2691 1.1051
229 1.022878 3.6205 2.2140 1.6691 0.7682 2.0204 1.0000 0.4664 0.2278 0.1206 0.9907
230 1.022994 3.6165 2.1402 1.7270 0.6460 1.9317 0.9040 0.3404 0.0873 -0.0255 0.8807
231 1.023096 3.6125 2.0677 1.7836 0.5279 1.8485 0.8154 0.2189 -0.0498 -0.1686 0.7761
232 1.023186 3.6086 1.9969 1.8387 0.4149 1.7716 0.7353 0.1024 -0.1826 -0.3077 0.6775
233 1.023264 3.6046 1.9269 1.8928 0.3062 1.7012 0.6637 -0.0095 -0.3122 -0.4444 0.5849
234 1.023334 3.6007 1.8587 1.9453 0.2027 1.6378 0.6007 -0.1157 -0.4371 -0.5768 0.4985
235 1.023396 3.5968 1.7908 1.9974 0.1015 1.5777 0.5452 -0.2200 -0.5612 -0.7086 0.4161
236 1.023451 3.5929 1.7250 2.0479 0.0057 1.5243 0.4982 -0.3186 -0.6804 -0.8358 0.3401
237 1.023500 3.5890 1.6598 2.0977 -0.0868 1.4784 0.4598 -0.4131 -0.7967 -0.9613 0.2692
238 1.023543 3.5852 1.5965 2.1459 -0.1736 1.4409 0.4303 -0.5013 -0.9073 -1.0819 0.2050
239 1.023583 3.5815 1.5334 2.1937 -0.2568 1.4118 0.4098 -0.5849 -1.0145 -1.2005 0.1464
240 1.023619 3.5776 1.4721 2.2398 -0.3339 1.3929 0.3999 -0.6614 -1.1155 -1.3141 0.0956
241 1.023650 3.5738 1.4115 2.2852 -0.4073 1.3840 0.4042 -0.7334 -1.2141 -1.4266 0.0514
242 1.023679 3.5700 1.3523 2.3294 -0.4753 1.3846 0.4182 -0.7987 -1.3070 -1.5347 0.0143
243 1.023705 3.5663 1.2939 2.3727 -0.5371 1.3976 0.4438 -0.8564 -1.3933 -1.6382 -0.0147
244 1.023728 3.5625 1.2366 2.4149 -0.5931 1.4237 0.4811 -0.9064 -1.4728 -1.7374 -0.0357
245 1.023750 3.5588 1.1803 2.4564 -0.6434 1.4621 0.5294 -0.9490 -1.5456 -1.8320 -0.0490
246 1.023769 3.5551 1.1252 2.4968 -0.6875 1.5127 0.5884 -0.9836 -1.6111 -1.9213 -0.0546
247 1.023787 3.5514 1.0712 2.5361 -0.7183 1.6026 0.6837 -1.0011 -1.6614 -2.0023 -0.0408
248 1.023803 3.5478 1.0180 2.5747 -0.7450 1.7046 0.7913 -1.0128 -1.7060 -2.0801 -0.0212
249 1.023818 3.5442 0.9661 2.6122 -0.7651 1.8176 0.9087 -1.0161 -1.7428 -2.1512 0.0063
250 1.023831 3.5405 0.9147 2.6490 -0.7779 1.9402 1.0328 -1.0097 -1.7708 -2.2153 0.0423
251 1.023844 3.5370 0.8647 2.6847 -0.7850 2.0639 1.1530 -0.9958 -1.7912 -2.2719 0.0830
252 1.023856 3.5335 0.8156 2.7197 -0.7884 2.1874 1.2687 -0.9765 -1.8061 -2.3233 0.1267
253 1.023866 3.5300 0.7676 2.7539 -0.7884 2.3083 1.3761 -0.9520 -1.8157 -2.3693 0.1724
254 1.023876 3.5266 0.7205 2.7872 -0.7617 2.4549 1.4769 -0.8902 -1.7954 -2.3904 0.2492
255 1.023885 3.5232 0.6746 2.8196 -0.7290 2.6000 1.5657 -0.8201 -1.7674 -2.4043 0.3308
256 1.023894 3.5198 0.6297 2.8513 -0.6967 2.7342 1.6383 -0.7498 -1.7379 -2.4156 0.4092
257 1.023902 3.5166 0.5857 2.8822 -0.6675 2.8521 1.6919 -0.6835 -1.7099 -2.4266 0.4803
258 1.023909 3.5134 0.5427 2.9124 -0.6479 2.9420 1.7183 -0.6293 -1.6903 -2.4428 0.5358
259 1.023916 3.5102 0.5005 2.9419 -0.6355 3.0089 1.7226 -0.5847 -1.6762 -2.4614 0.5785
260 1.023922 3.5070 0.4590 2.9706 -0.6294 3.0521 1.7058 -0.5498 -1.6670 -2.4808 0.6083
261 1.023929 3.5039 0.4185 2.9988 -0.6367 3.0617 1.6612 -0.5336 -1.6698 -2.5063 0.6164
262 1.023934 3.5008 0.3785 3.0263 -0.6516 3.0780 1.6279 -0.5351 -1.6839 -2.5357 0.6113
263 1.023940 3.4977 0.3396 3.0530 -0.6698 3.0952 1.5990 -0.5462 -1.7025 -2.5638 0.5983
264 1.023944 3.4947 0.3010 3.0792 -0.6908 3.1040 1.5644 -0.5643 -1.7234 -2.5898 0.5775
265 1.023949 3.4915 0.2628 3.1048 -0.7144 3.1043 1.5241 -0.5893 -1.7463 -2.6134 0.5494
266 1.023953 3.4885 0.2259 3.1298 -0.7381 3.1004 1.4848 -0.6175 -1.7688 -2.6324 0.5179
267 1.023958 3.4856 0.1896 3.1542 -0.7535 3.1063 1.4579 -0.6405 -1.7821 -2.6374 0.4923
268 1.023962 3.4825 0.1538 3.1780 -0.7697 3.1050 1.4270 -0.6668 -1.7957 -2.6395 0.4625
269 1.023966 3.4796 0.1186 3.2013 -0.7889 3.0925 1.3884 -0.6981 -1.8113 -2.6417 0.4269
270 1.023969 3.4766 0.0842 3.2240 -0.8135 3.0645 1.3391 -0.7361 -1.8317 -2.6473 0.3834
271 1.023973 3.4737 0.0502 3.2462 -0.8427 3.0365 1.3052 -0.7706 -1.8596 -2.6656 0.3468
272 1.023976 3.4708 0.0168 3.2680 -0.8790 3.0251 1.3163 -0.7941 -1.9021 -2.7107 0.3305
273 1.023979 3.4679 -0.0160 3.2891 -0.9116 3.0434 1.3522 -0.8075 -1.9440 -2.7574 0.3277
274 1.023982 3.4650 -0.0483 3.3099 -0.9567 3.0294 1.3675 -0.8355 -1.9973 -2.8160 0.3091
275 1.023984 3.4622 -0.0799 3.3301 -1.0096 3.0023 1.3740 -0.8711 -2.0582 -2.8828 0.2828
276 1.023987 3.4593 -0.1108 3.3498 -1.0774 2.9486 1.3596 -0.9232 -2.1335 -2.9638 0.2392
277 1.023990 3.4567 -0.1408 3.3689 -1.1363 2.9059 1.3550 -0.9661 -2.1995 -3.0353 0.2046
278 1.023992 3.4540 -0.1694 3.3870 -1.1959 2.8581 1.3454 -1.0111 -2.2656 -3.1067 0.1674
279 1.024024 3.4518 -0.1933 3.4021 -1.2468 2.8144 1.3334 -1.0504 -2.3217 -3.1670 0.1341
