#AGE= 2.000 EEPS=272
#EEP M/Mo LogTeff LogG LogL/Lo open gp1 rp1 ip1 zp1 yp1 wp1
6 0.141298 3.4807 5.1111 -2.6473 12.0374 14.6051 13.3694 11.8076 11.0761 10.6870 12.7586
7 0.176839 3.4879 5.0560 -2.4656 11.5789 14.0701 12.8606 11.3445 10.6287 10.2444 12.2810
8 0.231561 3.4977 4.9995 -2.2527 11.0071 13.3876 12.2061 10.7614 10.0740 9.7112 11.6741
9 0.277924 3.5042 4.9625 -2.1108 10.6102 12.9120 11.7461 10.3544 9.6901 9.3473 11.2488
10 0.302129 3.5071 4.9410 -2.0411 10.4224 12.6919 11.5359 10.1631 9.5077 9.1709 11.0506
11 0.315989 3.5087 4.9247 -1.9991 10.3115 12.5650 11.4148 10.0508 9.3994 9.0651 10.9350
12 0.322039 3.5096 4.9218 -1.9843 10.2704 12.5143 11.3672 10.0086 9.3599 9.0274 10.8907
13 0.325044 3.5098 4.9215 -1.9788 10.2553 12.4965 11.3501 9.9931 9.3454 9.0136 10.8747
14 0.327991 3.5103 4.9228 -1.9742 10.2411 12.4769 11.3321 9.9781 9.3321 9.0014 10.8585
15 0.334097 3.5109 4.9163 -1.9576 10.1986 12.4297 11.2871 9.9354 9.2903 8.9601 10.8149
16 0.340603 3.5115 4.9079 -1.9383 10.1486 12.3734 11.2338 9.8850 9.2413 8.9115 10.7634
17 0.354066 3.5132 4.8943 -1.9016 10.0530 12.2631 11.1304 9.7885 9.1481 8.8198 10.6642
18 0.386609 3.5176 4.8673 -1.8191 9.8370 12.0083 10.8950 9.5697 8.9384 8.6139 10.4385
19 0.429364 3.5249 4.8336 -1.7119 9.5556 11.6710 10.5898 9.2833 8.6665 8.3477 10.1432
20 0.448530 3.5288 4.8179 -1.6620 9.4249 11.5140 10.4490 9.1494 8.5405 8.2252 10.0056
21 0.477540 3.5346 4.7953 -1.5868 9.2242 11.2745 10.2328 8.9426 8.3464 8.0375 9.7938
22 0.494289 3.5387 4.7816 -1.5417 9.1066 11.1328 10.1064 8.8207 8.2331 7.9286 9.6691
23 0.520782 3.5460 4.7617 -1.4700 8.9193 10.9046 9.9023 8.6257 8.0543 7.7583 9.4687
24 0.557728 3.5581 4.7362 -1.3663 8.6441 10.5551 9.5827 8.3384 7.7979 7.5180 9.1667
25 0.600607 3.5745 4.7094 -1.2422 8.2930 10.0747 9.1198 7.9742 7.4870 7.2354 8.7635
26 0.645160 3.5931 4.6843 -1.1118 7.8829 9.4839 8.5229 7.5572 7.1512 6.9410 8.2734
27 0.687126 3.6115 4.6631 -0.9901 7.4810 8.9089 7.9234 7.1619 6.8466 6.6751 7.7885
28 0.724204 3.6279 4.6463 -0.8852 7.1388 8.4296 7.4439 6.8327 6.5882 6.4448 7.3859
29 0.774093 3.6499 4.6247 -0.7451 6.6796 7.7783 6.8055 6.3888 6.2344 6.1319 6.8473
30 0.795455 3.6587 4.6158 -0.6890 6.5049 7.5369 6.5927 6.2249 6.0944 6.0040 6.6532
31 0.811379 3.6653 4.6093 -0.6475 6.3785 7.3615 6.4442 6.1066 5.9904 5.9086 6.5145
32 0.825484 3.6712 4.6034 -0.6106 6.2682 7.2081 6.3181 6.0036 5.8979 5.8236 6.3947
33 0.839995 3.6771 4.5973 -0.5730 6.1573 7.0539 6.1941 5.9000 5.8036 5.7367 6.2751
34 0.855987 3.6836 4.5900 -0.5321 6.0386 6.8898 6.0639 5.7892 5.7015 5.6423 6.1481
35 0.872661 3.6901 4.5822 -0.4899 5.9182 6.7244 5.9338 5.6768 5.5971 5.5454 6.0200
36 0.888963 3.6962 4.5742 -0.4492 5.8041 6.5690 5.8120 5.5702 5.4973 5.4524 5.8989
37 0.904222 3.7017 4.5662 -0.4117 5.7002 6.4292 5.7019 5.4728 5.4061 5.3670 5.7892
38 0.918886 3.7070 4.5582 -0.3760 5.6025 6.2992 5.5990 5.3813 5.3201 5.2860 5.6862
39 0.933223 3.7118 4.5500 -0.3416 5.5090 6.1761 5.5008 5.2935 5.2376 5.2080 5.5879
40 0.947296 3.7165 4.5415 -0.3079 5.4189 6.0587 5.4065 5.2088 5.1578 5.1323 5.4933
41 0.961148 3.7209 4.5330 -0.2752 5.3318 5.9465 5.3159 5.1269 5.0806 5.0587 5.4022
42 0.974969 3.7253 4.5239 -0.2428 5.2465 5.8377 5.2271 5.0465 5.0046 4.9859 5.3129
43 0.989323 3.7295 4.5142 -0.2095 5.1592 5.7275 5.1367 4.9642 4.9267 4.9112 5.2219
44 1.004488 3.7339 4.5035 -0.1745 5.0683 5.6135 5.0426 4.8782 4.8453 4.8328 5.1272
45 1.020235 3.7384 4.4917 -0.1381 4.9747 5.4976 4.9460 4.7897 4.7613 4.7517 5.0300
46 1.036531 3.7427 4.4792 -0.1013 4.8807 5.3821 4.8492 4.7007 4.6766 4.6698 4.9324
47 1.062539 3.7493 4.4584 -0.0435 4.7340 5.2039 4.6986 4.5617 4.5441 4.5410 4.7806
48 1.109510 3.7599 4.4179 0.0578 4.4796 4.9004 4.4386 4.3198 4.3122 4.3144 4.5182
49 1.134581 3.7646 4.3944 0.1098 4.3504 4.7500 4.3070 4.1963 4.1930 4.1974 4.3854
50 1.160767 3.7696 4.3709 0.1631 4.2183 4.5962 4.1729 4.0703 4.0715 4.0783 4.2500
51 1.317907 3.7925 4.2298 0.4517 3.5100 3.7916 3.4556 3.3916 3.4119 3.4295 3.5262
52 1.323723 3.7930 4.2236 0.4613 3.4861 3.7659 3.4314 3.3682 3.3889 3.4066 3.5020
53 1.329654 3.7934 4.2173 0.4711 3.4620 3.7403 3.4072 3.3446 3.3655 3.3834 3.4776
54 1.335836 3.7937 4.2108 0.4812 3.4371 3.7138 3.3822 3.3202 3.3414 3.3594 3.4525
55 1.342531 3.7941 4.2037 0.4920 3.4104 3.6855 3.3554 3.2941 3.3157 3.3339 3.4256
56 1.349615 3.7945 4.1963 0.5034 3.3824 3.6558 3.3273 3.2667 3.2884 3.3069 3.3973
57 1.356575 3.7949 4.1887 0.5146 3.3547 3.6267 3.2995 3.2395 3.2615 3.2800 3.3694
58 1.364051 3.7952 4.1806 0.5263 3.3257 3.5964 3.2704 3.2109 3.2332 3.2518 3.3402
59 1.371565 3.7955 4.1725 0.5379 3.2968 3.5662 3.2414 3.1825 3.2048 3.2237 3.3112
60 1.379024 3.7957 4.1644 0.5495 3.2682 3.5365 3.2128 3.1544 3.1769 3.1959 3.2825
61 1.386509 3.7960 4.1565 0.5609 3.2400 3.5071 3.1844 3.1264 3.1492 3.1682 3.2540
62 1.394025 3.7964 4.1489 0.5722 3.2120 3.4778 3.1564 3.0989 3.1219 3.1410 3.2258
63 1.401755 3.7967 4.1413 0.5835 3.1838 3.4480 3.1280 3.0713 3.0945 3.1138 3.1974
64 1.409582 3.7971 4.1340 0.5949 3.1557 3.4183 3.0998 3.0438 3.0672 3.0867 3.1690
65 1.417956 3.7975 4.1263 0.6068 3.1263 3.3873 3.0704 3.0150 3.0388 3.0584 3.1395
66 1.426267 3.7979 4.1187 0.6185 3.0974 3.3568 3.0413 2.9866 3.0106 3.0305 3.1103
67 1.434384 3.7982 4.1109 0.6300 3.0690 3.3271 3.0128 2.9587 2.9829 3.0028 3.0817
68 1.442201 3.7984 4.1029 0.6411 3.0415 3.2988 2.9852 2.9314 2.9556 2.9757 3.0540
69 1.449485 3.7984 4.0949 0.6516 3.0155 3.2725 2.9593 2.9055 2.9298 2.9499 3.0280
70 1.456312 3.7985 4.0869 0.6613 2.9909 3.2479 2.9346 2.8810 2.9051 2.9251 3.0033
71 1.462867 3.7983 4.0790 0.6709 2.9670 3.2243 2.9108 2.8570 2.8811 2.9010 2.9795
72 1.469637 3.7982 4.0707 0.6806 2.9426 3.2004 2.8865 2.8325 2.8564 2.8762 2.9553
73 1.476764 3.7980 4.0621 0.6907 2.9173 3.1757 2.8613 2.8070 2.8307 2.8505 2.9301
74 1.484615 3.7979 4.0529 0.7016 2.8900 3.1488 2.8341 2.7796 2.8032 2.8229 2.9029
75 1.493600 3.7978 4.0430 0.7138 2.8596 3.1185 2.8037 2.7491 2.7725 2.7921 2.8725
76 1.504873 3.7979 4.0317 0.7286 2.8225 3.0810 2.7665 2.7121 2.7356 2.7552 2.8353
77 1.517408 3.7980 4.0196 0.7450 2.7818 3.0397 2.7259 2.6717 2.6953 2.7150 2.7947
78 1.529550 3.7981 4.0075 0.7606 2.7428 3.0004 2.6869 2.6328 2.6563 2.6759 2.7555
79 1.539807 3.7978 3.9962 0.7738 2.7096 2.9680 2.6538 2.5994 2.6226 2.6421 2.7226
80 1.548388 3.7973 3.9856 0.7848 2.6817 2.9417 2.6261 2.5709 2.5937 2.6129 2.6949
81 1.556254 3.7967 3.9752 0.7950 2.6560 2.9183 2.6006 2.5446 2.5667 2.5857 2.6697
82 1.561436 3.7962 3.9680 0.8015 2.6391 2.9032 2.5840 2.5270 2.5488 2.5675 2.6531
83 1.566420 3.7957 3.9608 0.8079 2.6229 2.8891 2.5680 2.5101 2.5314 2.5498 2.6372
84 1.571264 3.7950 3.9537 0.8140 2.6071 2.8755 2.5524 2.4936 2.5144 2.5326 2.6218
85 1.576002 3.7944 3.9465 0.8200 2.5918 2.8625 2.5374 2.4776 2.4978 2.5157 2.6069
86 1.580670 3.7938 3.9393 0.8258 2.5768 2.8500 2.5226 2.4618 2.4815 2.4989 2.5923
87 1.585307 3.7931 3.9321 0.8316 2.5620 2.8377 2.5081 2.4461 2.4652 2.4824 2.5779
88 1.589932 3.7923 3.9248 0.8372 2.5474 2.8257 2.4938 2.4306 2.4491 2.4659 2.5637
89 1.594465 3.7916 3.9175 0.8428 2.5331 2.8141 2.4798 2.4154 2.4332 2.4497 2.5499
90 1.598851 3.7908 3.9101 0.8482 2.5191 2.8031 2.4661 2.4005 2.4177 2.4338 2.5365
91 1.603123 3.7899 3.9029 0.8534 2.5057 2.7928 2.4531 2.3862 2.4026 2.4183 2.5236
92 1.607316 3.7891 3.8954 0.8584 2.4926 2.7830 2.4404 2.3719 2.3877 2.4030 2.5111
93 1.611470 3.7882 3.8880 0.8634 2.4796 2.7734 2.4278 2.3579 2.3728 2.3877 2.4987
94 1.615617 3.7873 3.8805 0.8683 2.4667 2.7641 2.4153 2.3438 2.3581 2.3725 2.4864
95 1.619777 3.7863 3.8729 0.8733 2.4539 2.7549 2.4028 2.3298 2.3432 2.3572 2.4742
96 1.623997 3.7854 3.8652 0.8783 2.4407 2.7453 2.3901 2.3155 2.3280 2.3416 2.4616
97 1.628287 3.7845 3.8574 0.8835 2.4272 2.7356 2.3770 2.3008 2.3126 2.3257 2.4487
98 1.632669 3.7836 3.8495 0.8890 2.4132 2.7251 2.3633 2.2857 2.2966 2.3093 2.4353
99 1.637116 3.7827 3.8415 0.8947 2.3985 2.7138 2.3490 2.2699 2.2801 2.2924 2.4211
100 1.641478 3.7820 3.8338 0.9007 2.3832 2.7015 2.3341 2.2537 2.2632 2.2752 2.4064
101 1.645486 3.7814 3.8265 0.9066 2.3681 2.6885 2.3192 2.2378 2.2468 2.2585 2.3916
102 1.648922 3.7810 3.8204 0.9123 2.3537 2.6756 2.3051 2.2231 2.2318 2.2433 2.3775
103 1.651778 3.7808 3.8152 0.9175 2.3405 2.6630 2.2920 2.2098 2.2183 2.2298 2.3645
104 1.654098 3.7809 3.8110 0.9223 2.3287 2.6511 2.2801 2.1978 2.2064 2.2178 2.3526
105 1.655939 3.7809 3.8075 0.9266 2.3179 2.6400 2.2693 2.1873 2.1958 2.2072 2.3418
106 1.657396 3.7811 3.8047 0.9306 2.3081 2.6293 2.2594 2.1778 2.1865 2.1980 2.3319
107 1.658643 3.7813 3.8022 0.9343 2.2990 2.6192 2.2502 2.1688 2.1777 2.1894 2.3225
108 1.659713 3.7816 3.8000 0.9378 2.2902 2.6093 2.2413 2.1605 2.1696 2.1814 2.3136
109 1.660644 3.7819 3.7981 0.9413 2.2818 2.5995 2.2328 2.1526 2.1619 2.1738 2.3050
110 1.661462 3.7823 3.7963 0.9445 2.2739 2.5902 2.2247 2.1450 2.1546 2.1666 2.2968
111 1.662185 3.7826 3.7948 0.9477 2.2661 2.5809 2.2168 2.1377 2.1476 2.1597 2.2888
112 1.662495 3.7828 3.7940 0.9492 2.2625 2.5767 2.2131 2.1344 2.1444 2.1566 2.2851
113 1.662805 3.7830 3.7933 0.9508 2.2585 2.5718 2.2090 2.1307 2.1409 2.1531 2.2809
114 1.663113 3.7832 3.7926 0.9524 2.2548 2.5672 2.2052 2.1272 2.1374 2.1499 2.2770
115 1.663422 3.7834 3.7918 0.9540 2.2509 2.5626 2.2012 2.1236 2.1340 2.1465 2.2730
116 1.663731 3.7837 3.7911 0.9558 2.2462 2.5568 2.1965 2.1192 2.1300 2.1425 2.2682
117 1.664037 3.7839 3.7903 0.9577 2.2416 2.5512 2.1918 2.1150 2.1259 2.1386 2.2635
118 1.664344 3.7841 3.7895 0.9596 2.2370 2.5454 2.1870 2.1107 2.1218 2.1346 2.2587
119 1.664650 3.7844 3.7887 0.9619 2.2316 2.5386 2.1816 2.1058 2.1172 2.1301 2.2531
120 1.664955 3.7848 3.7878 0.9641 2.2263 2.5321 2.1761 2.1010 2.1126 2.1257 2.2476
121 1.665257 3.7851 3.7870 0.9664 2.2206 2.5249 2.1703 2.0957 2.1076 2.1209 2.2416
122 1.665558 3.7856 3.7861 0.9690 2.2144 2.5168 2.1638 2.0900 2.1023 2.1156 2.2351
123 1.665855 3.7860 3.7853 0.9717 2.2079 2.5087 2.1572 2.0842 2.0968 2.1103 2.2283
124 1.666151 3.7865 3.7844 0.9746 2.2007 2.4994 2.1498 2.0776 2.0906 2.1044 2.2208
125 1.666439 3.7870 3.7834 0.9778 2.1932 2.4898 2.1421 2.0708 2.0842 2.0983 2.2130
126 1.666722 3.7876 3.7823 0.9813 2.1848 2.4789 2.1334 2.0632 2.0771 2.0913 2.2041
127 1.666998 3.7882 3.7813 0.9849 2.1759 2.4674 2.1243 2.0552 2.0696 2.0841 2.1949
128 1.667265 3.7890 3.7802 0.9889 2.1663 2.4549 2.1143 2.0465 2.0614 2.0763 2.1848
129 1.667520 3.7898 3.7790 0.9933 2.1558 2.4412 2.1035 2.0371 2.0526 2.0678 2.1737
130 1.667757 3.7906 3.7777 0.9981 2.1443 2.4264 2.0917 2.0268 2.0431 2.0586 2.1617
131 1.667979 3.7915 3.7764 1.0033 2.1322 2.4105 2.0792 2.0159 2.0328 2.0488 2.1490
132 1.668185 3.7925 3.7750 1.0086 2.1194 2.3938 2.0660 2.0044 2.0221 2.0385 2.1355
133 1.668376 3.7936 3.7738 1.0143 2.1060 2.3764 2.0523 1.9924 2.0109 2.0278 2.1215
134 1.668551 3.7947 3.7724 1.0200 2.0921 2.3583 2.0380 1.9800 1.9994 2.0168 2.1070
135 1.668708 3.7958 3.7710 1.0262 2.0779 2.3396 2.0232 1.9671 1.9874 2.0053 2.0919
136 1.668844 3.7970 3.7693 1.0324 2.0630 2.3204 2.0079 1.9538 1.9749 1.9934 2.0763
137 1.668964 3.7982 3.7676 1.0388 2.0477 2.3007 1.9922 1.9401 1.9621 1.9811 2.0604
138 1.669070 3.7994 3.7659 1.0454 2.0324 2.2808 1.9765 1.9263 1.9492 1.9687 2.0443
139 1.669163 3.8006 3.7642 1.0519 2.0168 2.2607 1.9605 1.9123 1.9361 1.9562 2.0279
140 1.669245 3.8018 3.7622 1.0586 2.0011 2.2406 1.9443 1.8982 1.9228 1.9434 2.0115
141 1.669317 3.8029 3.7603 1.0653 1.9852 2.2203 1.9280 1.8839 1.9093 1.9305 1.9949
142 1.669382 3.8041 3.7582 1.0721 1.9692 2.2001 1.9117 1.8695 1.8958 1.9175 1.9783
143 1.669440 3.8053 3.7561 1.0789 1.9533 2.1799 1.8954 1.8551 1.8823 1.9045 1.9617
144 1.669494 3.8064 3.7537 1.0859 1.9365 2.1586 1.8782 1.8400 1.8679 1.8906 1.9442
145 1.669552 3.8077 3.7511 1.0935 1.9187 2.1360 1.8600 1.8240 1.8528 1.8760 1.9256
146 1.669642 3.8086 3.7510 1.0973 1.9100 2.1239 1.8510 1.8166 1.8460 1.8696 1.9163
147 1.669701 3.8083 3.7538 1.0932 1.9199 2.1349 1.8609 1.8259 1.8552 1.8786 1.9263
148 1.669735 3.8078 3.7565 1.0884 1.9313 2.1484 1.8726 1.8366 1.8655 1.8887 1.9381
149 1.669771 3.8070 3.7591 1.0829 1.9446 2.1645 1.8860 1.8488 1.8771 1.9001 1.9518
150 1.669803 3.8057 3.7613 1.0757 1.9615 2.1862 1.9035 1.8640 1.8915 1.9139 1.9696
151 1.669874 3.8031 3.7538 1.0724 1.9675 2.2018 1.9102 1.8664 1.8920 1.9131 1.9771
152 1.669960 3.8005 3.7406 1.0755 1.9577 2.2011 1.9014 1.8534 1.8771 1.8970 1.9689
153 1.670071 3.7978 3.7278 1.0773 1.9512 2.2045 1.8959 1.8436 1.8651 1.8837 1.9640
154 1.670209 3.7953 3.7138 1.0813 1.9394 2.2019 1.8852 1.8287 1.8482 1.8655 1.9538
155 1.670424 3.7923 3.6986 1.0848 1.9287 2.2020 1.8755 1.8143 1.8315 1.8475 1.9450
156 1.670681 3.7901 3.6872 1.0874 1.9209 2.2029 1.8687 1.8037 1.8189 1.8339 1.9386
157 1.670960 3.7882 3.6783 1.0891 1.9159 2.2050 1.8644 1.7962 1.8100 1.8241 1.9348
158 1.671256 3.7866 3.6708 1.0900 1.9124 2.2083 1.8617 1.7906 1.8030 1.8164 1.9324
159 1.671566 3.7851 3.6642 1.0906 1.9104 2.2124 1.8603 1.7864 1.7976 1.8104 1.9313
160 1.671884 3.7837 3.6588 1.0907 1.9094 2.2170 1.8599 1.7837 1.7937 1.8060 1.9313
161 1.672205 3.7825 3.6542 1.0906 1.9091 2.2216 1.8600 1.7817 1.7908 1.8026 1.9317
162 1.673075 3.7798 3.6438 1.0899 1.9094 2.2337 1.8617 1.7784 1.7851 1.7956 1.9340
163 1.673940 3.7771 3.6345 1.0887 1.9115 2.2475 1.8652 1.7770 1.7813 1.7907 1.9381
164 1.674796 3.7742 3.6257 1.0865 1.9160 2.2640 1.8709 1.7777 1.7795 1.7878 1.9445
165 1.675639 3.7712 3.6170 1.0831 1.9234 2.2846 1.8798 1.7811 1.7802 1.7874 1.9541
166 1.676456 3.7679 3.6089 1.0783 1.9347 2.3104 1.8928 1.7882 1.7843 1.7901 1.9678
167 1.677236 3.7642 3.6013 1.0717 1.9508 2.3426 1.9108 1.7996 1.7926 1.7969 1.9865
168 1.677965 3.7604 3.5947 1.0631 1.9719 2.3810 1.9339 1.8158 1.8052 1.8081 2.0105
169 1.678633 3.7566 3.5898 1.0526 1.9981 2.4249 1.9623 1.8371 1.8229 1.8241 2.0396
170 1.679233 3.7527 3.5866 1.0406 2.0287 2.4732 1.9952 1.8631 1.8451 1.8449 2.0731
171 1.679770 3.7489 3.5851 1.0271 2.0630 2.5250 2.0318 1.8928 1.8712 1.8696 2.1104
172 1.680249 3.7453 3.5850 1.0127 2.1001 2.5793 2.0712 1.9256 1.9002 1.8972 2.1503
173 1.680681 3.7417 3.5861 0.9975 2.1393 2.6355 2.1127 1.9606 1.9316 1.9271 2.1923
174 1.681078 3.7383 3.5880 0.9819 2.1801 2.6928 2.1558 1.9974 1.9648 1.9589 2.2358
175 1.681448 3.7348 3.5905 0.9659 2.2219 2.7509 2.1999 2.0354 1.9993 1.9918 2.2804
176 1.681800 3.7315 3.5934 0.9498 2.2645 2.8099 2.2449 2.0743 2.0347 2.0256 2.3259
177 1.682144 3.7282 3.5962 0.9336 2.3076 2.8698 2.2906 2.1136 2.0704 2.0597 2.3717
178 1.682491 3.7247 3.5987 0.9174 2.3510 2.9305 2.3367 2.1532 2.1062 2.0938 2.4181
179 1.682853 3.7211 3.6002 0.9014 2.3943 2.9922 2.3829 2.1925 2.1415 2.1271 2.4645
180 1.683254 3.7170 3.5996 0.8860 2.4369 3.0554 2.4290 2.2309 2.1754 2.1588 2.5108
181 1.683745 3.7122 3.5941 0.8723 2.4769 3.1206 2.4735 2.2658 2.2049 2.1852 2.5552
182 1.684289 3.7072 3.5813 0.8654 2.5011 3.1714 2.5024 2.2847 2.2180 2.1951 2.5840
183 1.684844 3.7026 3.5603 0.8682 2.5010 3.1963 2.5070 2.2798 2.2077 2.1814 2.5882
184 1.685365 3.6988 3.5337 0.8797 2.4784 3.1951 2.4886 2.2533 2.1766 2.1477 2.5694
185 1.685839 3.6959 3.5048 0.8968 2.4414 3.1754 2.4549 2.2131 2.1326 2.1014 2.5354
186 1.686276 3.6934 3.4749 0.9168 2.3961 3.1446 2.4126 2.1652 2.0817 2.0485 2.4928
187 1.686686 3.6913 3.4449 0.9385 2.3459 3.1070 2.3650 2.1128 2.0266 1.9920 2.4448
188 1.687078 3.6894 3.4148 0.9612 2.2931 3.0651 2.3146 2.0580 1.9694 1.9333 2.3940
189 1.687459 3.6877 3.3848 0.9845 2.2385 3.0206 2.2623 2.0017 1.9108 1.8735 2.3413
190 1.687833 3.6861 3.3550 1.0081 2.1830 2.9745 2.2089 1.9445 1.8515 1.8130 2.2875
191 1.688202 3.6846 3.3254 1.0319 2.1267 2.9272 2.1548 1.8868 1.7917 1.7522 2.2329
192 1.688567 3.6832 3.2958 1.0558 2.0703 2.8794 2.1004 1.8289 1.7318 1.6911 2.1781
193 1.688932 3.6818 3.2663 1.0798 2.0136 2.8313 2.0458 1.7708 1.6717 1.6301 2.1231
194 1.689296 3.6804 3.2370 1.1037 1.9569 2.7830 1.9912 1.7128 1.6118 1.5691 2.0679
195 1.689659 3.6791 3.2078 1.1277 1.9004 2.7346 1.9365 1.6549 1.5520 1.5082 2.0129
196 1.690023 3.6778 3.1787 1.1515 1.8440 2.6864 1.8821 1.5971 1.4923 1.4477 1.9580
197 1.690387 3.6764 3.1496 1.1753 1.7877 2.6384 1.8278 1.5395 1.4329 1.3872 1.9033
198 1.690753 3.6751 3.1207 1.1991 1.7317 2.5907 1.7740 1.4822 1.3736 1.3269 1.8488
199 1.691119 3.6738 3.0919 1.2227 1.6759 2.5431 1.7203 1.4251 1.3146 1.2669 1.7946
200 1.691487 3.6725 3.0633 1.2463 1.6204 2.4960 1.6670 1.3683 1.2558 1.2070 1.7408
201 1.691855 3.6712 3.0346 1.2698 1.5653 2.4492 1.6141 1.3118 1.1974 1.1475 1.6873
202 1.692226 3.6699 3.0061 1.2932 1.5104 2.4028 1.5616 1.2557 1.1392 1.0882 1.6341
203 1.692597 3.6685 2.9775 1.3165 1.4559 2.3570 1.5096 1.1999 1.0813 1.0292 1.5813
204 1.692970 3.6672 2.9491 1.3396 1.4018 2.3116 1.4580 1.1445 1.0237 0.9705 1.5290
205 1.693344 3.6658 2.9207 1.3627 1.3481 2.2667 1.4070 1.0894 0.9664 0.9120 1.4771
206 1.693718 3.6645 2.8924 1.3857 1.2946 2.2220 1.3562 1.0346 0.9092 0.8536 1.4254
207 1.694093 3.6631 2.8641 1.4087 1.2412 2.1777 1.3057 0.9799 0.8523 0.7955 1.3740
208 1.694470 3.6618 2.8359 1.4316 1.1883 2.1337 1.2557 0.9256 0.7956 0.7376 1.3230
209 1.694843 3.6604 2.8075 1.4545 1.1352 2.0898 1.2055 0.8712 0.7387 0.6795 1.2718
210 1.695219 3.6591 2.7793 1.4774 1.0825 2.0463 1.1559 0.8172 0.6822 0.6217 1.2211
211 1.695594 3.6577 2.7508 1.5003 1.0297 2.0030 1.1063 0.7631 0.6255 0.5636 1.1704
212 1.695968 3.6563 2.7225 1.5232 0.9772 1.9598 1.0572 0.7092 0.5689 0.5057 1.1200
213 1.696341 3.6548 2.6939 1.5462 0.9246 1.9170 1.0082 0.6553 0.5123 0.4477 1.0697
214 1.696713 3.6534 2.6654 1.5691 0.8722 1.8743 0.9594 0.6014 0.4556 0.3897 1.0195
215 1.697085 3.6520 2.6369 1.5921 0.8200 1.8320 0.9110 0.5479 0.3991 0.3317 0.9695
216 1.697456 3.6505 2.6081 1.6150 0.7679 1.7900 0.8630 0.4943 0.3425 0.2737 0.9199
217 1.697523 3.6503 2.6031 1.6191 0.7585 1.7826 0.8545 0.4847 0.3324 0.2633 0.9110
218 1.697590 3.6500 2.5979 1.6233 0.7492 1.7751 0.8459 0.4752 0.3224 0.2530 0.9021
219 1.697657 3.6497 2.5927 1.6274 0.7399 1.7677 0.8374 0.4656 0.3122 0.2425 0.8933
220 1.697723 3.6495 2.5876 1.6315 0.7306 1.7602 0.8288 0.4560 0.3021 0.2321 0.8844
221 1.697790 3.6492 2.5825 1.6356 0.7212 1.7527 0.8203 0.4465 0.2919 0.2217 0.8755
222 1.697857 3.6489 2.5773 1.6398 0.7119 1.7452 0.8117 0.4369 0.2818 0.2113 0.8666
223 1.697923 3.6487 2.5722 1.6439 0.7026 1.7377 0.8032 0.4273 0.2716 0.2009 0.8578
224 1.697990 3.6484 2.5670 1.6480 0.6932 1.7302 0.7947 0.4178 0.2615 0.1904 0.8489
225 1.698056 3.6482 2.5619 1.6521 0.6839 1.7227 0.7861 0.4082 0.2513 0.1800 0.8400
226 1.698122 3.6479 2.5567 1.6562 0.6746 1.7153 0.7776 0.3985 0.2412 0.1696 0.8312
227 1.698738 3.6455 2.5090 1.6943 0.5889 1.6471 0.6996 0.3105 0.1476 0.0733 0.7499
228 1.699344 3.6430 2.4623 1.7315 0.5058 1.5819 0.6249 0.2251 0.0564 -0.0204 0.6716
229 1.699927 3.6407 2.4186 1.7661 0.4290 1.5220 0.5562 0.1461 -0.0284 -0.1079 0.5993
230 1.700487 3.6388 2.3815 1.7955 0.3638 1.4713 0.4983 0.0791 -0.1006 -0.1822 0.5381
231 1.701045 3.6377 2.3606 1.8122 0.3267 1.4422 0.4655 0.0409 -0.1417 -0.2245 0.5033
232 1.701614 3.6392 2.3858 1.7932 0.3682 1.4725 0.5016 0.0838 -0.0949 -0.1761 0.5417
233 1.702280 3.6448 2.4891 1.7126 0.5466 1.6096 0.6608 0.2677 0.1025 0.0277 0.7093
234 1.703200 3.6447 2.4840 1.7173 0.5352 1.5993 0.6490 0.2560 0.0909 0.0159 0.6979
235 1.704177 3.6417 2.4238 1.7658 0.4258 1.5117 0.5495 0.1438 -0.0283 -0.1065 0.5942
236 1.705090 3.6372 2.3413 1.8305 0.2834 1.4028 0.4239 -0.0029 -0.1868 -0.2701 0.4609
237 1.705891 3.6328 2.2618 1.8925 0.1482 1.3008 0.3073 -0.1421 -0.3383 -0.4270 0.3356
238 1.706591 3.6286 2.1874 1.9505 0.0233 1.2085 0.2025 -0.2708 -0.4795 -0.5734 0.2209
239 1.707207 3.6246 2.1178 2.0042 -0.0909 1.1261 0.1093 -0.3887 -0.6100 -0.7092 0.1171
240 1.707755 3.6208 2.0509 2.0559 -0.1994 1.0490 0.0231 -0.5008 -0.7351 -0.8396 0.0193
241 1.708244 3.6170 1.9864 2.1051 -0.3016 0.9784 -0.0554 -0.6066 -0.8544 -0.9641 -0.0716
242 1.708685 3.6132 1.9233 2.1532 -0.3995 0.9132 -0.1267 -0.7079 -0.9703 -1.0856 -0.1572
243 1.709081 3.6094 1.8615 2.2000 -0.4934 0.8533 -0.1910 -0.8050 -1.0827 -1.2040 -0.2378
244 1.709440 3.6056 1.8009 2.2459 -0.5839 0.7979 -0.2485 -0.8986 -1.1924 -1.3201 -0.3139
245 1.709761 3.6021 1.7425 2.2899 -0.6692 0.7484 -0.2981 -0.9866 -1.2971 -1.4313 -0.3838
246 1.710055 3.5985 1.6851 2.3332 -0.7517 0.7016 -0.3417 -1.0722 -1.4000 -1.5408 -0.4503
247 1.710321 3.5951 1.6294 2.3751 -0.8303 0.6593 -0.3790 -1.1537 -1.4995 -1.6469 -0.5120
248 1.710563 3.5917 1.5752 2.4158 -0.9049 0.6226 -0.4099 -1.2308 -1.5948 -1.7494 -0.5689
249 1.710784 3.5883 1.5222 2.4557 -0.9762 0.5912 -0.4351 -1.3040 -1.6866 -1.8491 -0.6217
250 1.710986 3.5851 1.4705 2.4942 -1.0433 0.5667 -0.4531 -1.3724 -1.7743 -1.9453 -0.6693
251 1.711170 3.5818 1.4201 2.5318 -1.1067 0.5487 -0.4637 -1.4364 -1.8582 -2.0387 -0.7120
252 1.711342 3.5786 1.3704 2.5687 -1.1671 0.5367 -0.4677 -1.4966 -1.9390 -2.1297 -0.7505
253 1.711498 3.5755 1.3223 2.6043 -1.2243 0.5304 -0.4621 -1.5533 -2.0174 -2.2186 -0.7842
254 1.711642 3.5724 1.2753 2.6391 -1.2781 0.5296 -0.4509 -1.6058 -2.0920 -2.3048 -0.8137
255 1.711775 3.5693 1.2288 2.6733 -1.3288 0.5349 -0.4334 -1.6543 -2.1634 -2.3884 -0.8388
256 1.711900 3.5663 1.1835 2.7066 -1.3755 0.5469 -0.4097 -1.6979 -2.2302 -2.4686 -0.8592
257 1.712014 3.5634 1.1393 2.7389 -1.4183 0.5657 -0.3798 -1.7367 -2.2923 -2.5450 -0.8749
258 1.712121 3.5605 1.0961 2.7706 -1.4564 0.5938 -0.3419 -1.7696 -2.3490 -2.6175 -0.8845
259 1.712220 3.5576 1.0537 2.8015 -1.4907 0.6314 -0.2955 -1.7974 -2.4008 -2.6871 -0.8891
260 1.712313 3.5547 1.0122 2.8316 -1.5194 0.6839 -0.2353 -1.8182 -2.4463 -2.7527 -0.8861
261 1.712399 3.5519 0.9715 2.8609 -1.5395 0.7638 -0.1480 -1.8278 -2.4818 -2.8130 -0.8698
262 1.712480 3.5490 0.9314 2.8898 -1.5556 0.8518 -0.0524 -1.8324 -2.5129 -2.8700 -0.8486
263 1.712556 3.5463 0.8923 2.9178 -1.5693 0.9427 0.0459 -1.8338 -2.5405 -2.9241 -0.8248
264 1.712627 3.5435 0.8537 2.9454 -1.5806 1.0368 0.1467 -1.8319 -2.5649 -2.9755 -0.7985
265 1.712694 3.5408 0.8159 2.9723 -1.5898 1.1321 0.2473 -1.8267 -2.5861 -3.0240 -0.7701
266 1.712756 3.5381 0.7790 2.9985 -1.5964 1.2278 0.3464 -1.8181 -2.6036 -3.0690 -0.7396
267 1.712816 3.5354 0.7426 3.0243 -1.6007 1.3230 0.4420 -1.8060 -2.6176 -3.1105 -0.7073
268 1.712872 3.5329 0.7070 3.0495 -1.6002 1.4181 0.5316 -1.7877 -2.6255 -3.1460 -0.6711
269 1.712924 3.5303 0.6723 3.0740 -1.5942 1.5144 0.6148 -1.7617 -2.6261 -3.1748 -0.6299
270 1.712975 3.5278 0.6382 3.0981 -1.5672 1.6345 0.6972 -1.7066 -2.6042 -3.1855 -0.5634
271 1.713022 3.5254 0.6049 3.1216 -1.5382 1.7521 0.7725 -1.6484 -2.5788 -3.1926 -0.4958
272 1.713067 3.5229 0.5721 3.1447 -1.5083 1.8649 0.8393 -1.5891 -2.5517 -3.1978 -0.4289
273 1.713109 3.5206 0.5402 3.1672 -1.4800 1.9684 0.8953 -1.5318 -2.5251 -3.2021 -0.3660
274 1.713196 3.5182 0.5089 3.1891 -1.4523 2.0650 0.9421 -1.4754 -2.4982 -3.2053 -0.3057
275 1.713234 3.5159 0.4784 3.2104 -1.4235 2.1555 0.9833 -1.4186 -2.4693 -3.2055 -0.2466
276 1.713290 3.5137 0.4488 3.2311 -1.3985 2.2331 1.0116 -1.3670 -2.4434 -3.2065 -0.1946
277 1.713326 3.5116 0.4205 3.2509 -1.3803 2.2927 1.0244 -1.3250 -2.4235 -3.2104 -0.1538

