#AGE= 6.000 EEPS=270
#EEP M/Mo LogTeff LogG LogL/Lo open gp1 rp1 ip1 zp1 yp1 wp1
10 0.120012 3.4775 5.1612 -2.7810 12.3747 14.9818 13.7352 12.1484 11.4071 11.0157 13.1070
11 0.146419 3.4816 5.0998 -2.6163 11.9588 14.5144 13.2821 11.7278 10.9993 10.6110 12.6766
12 0.174896 3.4876 5.0539 -2.4699 11.5896 14.0838 12.8729 11.3552 10.6388 10.2545 12.2922
13 0.200366 3.4927 5.0211 -2.3575 11.2951 13.7342 12.5397 11.0564 10.3527 9.9764 11.9820
14 0.221280 3.4961 4.9959 -2.2753 11.0730 13.4721 12.2869 10.8297 10.1368 9.7693 11.7466
15 0.239560 3.4989 4.9756 -2.2096 10.8935 13.2601 12.0821 10.6466 9.9625 9.6024 11.5561
16 0.257785 3.5014 4.9569 -2.1490 10.7254 13.0605 11.8888 10.4746 9.7995 9.4472 11.3768
17 0.277283 3.5040 4.9389 -2.0890 10.5595 12.8634 11.6985 10.3048 9.6386 9.2939 11.1999
18 0.293692 3.5060 4.9249 -2.0417 10.4317 12.7133 11.5552 10.1746 9.5146 9.1740 11.0649
19 0.304720 3.5074 4.9154 -2.0108 10.3483 12.6158 11.4622 10.0897 9.4336 9.0957 10.9770
20 0.311663 3.5080 4.9108 -1.9939 10.3033 12.5643 11.4128 10.0438 9.3896 9.0530 10.9298
21 0.316316 3.5088 4.9104 -1.9838 10.2737 12.5260 11.3772 10.0132 9.3616 9.0268 10.8973
22 0.319954 3.5092 4.9065 -1.9734 10.2463 12.4949 11.3474 9.9853 9.3348 9.0006 10.8687
23 0.322781 3.5095 4.9022 -1.9641 10.2224 12.4682 11.3218 9.9612 9.3113 8.9774 10.8441
24 0.325442 3.5097 4.8978 -1.9550 10.1987 12.4418 11.2967 9.9374 9.2880 8.9544 10.8198
25 0.327098 3.5100 4.8986 -1.9527 10.1915 12.4321 11.2878 9.9299 9.2814 8.9484 10.8117
26 0.328617 3.5102 4.9012 -1.9521 10.1887 12.4265 11.2828 9.9265 9.2791 8.9468 10.8078
27 0.331719 3.5105 4.8970 -1.9428 10.1649 12.4001 11.2577 9.9026 9.2556 8.9235 10.7834
28 0.335841 3.5109 4.8923 -1.9310 10.1341 12.3652 11.2246 9.8716 9.2255 8.8939 10.7516
29 0.339331 3.5115 4.8944 -1.9266 10.1211 12.3474 11.2084 9.8578 9.2133 8.8826 10.7368
30 0.347864 3.5124 4.8892 -1.9069 10.0687 12.2861 11.1508 9.8047 9.1624 8.8330 10.6820
31 0.504005 3.5418 4.7611 -1.5004 9.0018 11.0130 9.9985 8.7129 8.1310 7.8290 9.5603
32 0.529006 3.5493 4.7419 -1.4301 8.8184 10.7879 9.7967 8.5216 7.9569 7.6638 9.3631
33 0.556704 3.5589 4.7220 -1.3497 8.6045 10.5142 9.5452 8.2983 7.7581 7.4781 9.1273
34 0.585126 3.5698 4.7026 -1.2651 8.3693 10.1966 9.2423 8.0537 7.5471 7.2851 8.8595
35 0.612471 3.5812 4.6852 -1.1825 8.1241 9.8510 8.9017 7.8008 7.3371 7.0977 8.5719
36 0.637262 3.5921 4.6703 -1.1069 7.8838 9.5024 8.5482 7.5562 7.1414 6.9272 8.2834
37 0.660281 3.6024 4.6571 -1.0366 7.6537 9.1688 8.2036 7.3259 6.9616 6.7714 8.0050
38 0.688378 3.6156 4.6420 -0.9507 7.3652 8.7494 7.7662 7.0398 6.7419 6.5822 7.6541
39 0.707653 3.6245 4.6319 -0.8926 7.1693 8.4712 7.4759 6.8509 6.5979 6.4561 7.4185
40 0.724280 3.6323 4.6234 -0.8430 7.0050 8.2415 7.2443 6.6943 6.4758 6.3474 7.2251
41 0.738838 3.6390 4.6159 -0.7999 6.8642 8.0462 7.0535 6.5610 6.3699 6.2520 7.0619
42 0.751451 3.6449 4.6095 -0.7627 6.7444 7.8804 6.8966 6.4481 6.2780 6.1686 6.9249
43 0.762940 3.6502 4.6035 -0.7289 6.6376 7.7328 6.7616 6.3475 6.1941 6.0924 6.8044
44 0.773716 3.6552 4.5978 -0.6974 6.5395 7.5975 6.6411 6.2554 6.1157 6.0207 6.6951
45 0.784011 3.6597 4.5922 -0.6677 6.4479 7.4715 6.5315 6.1694 6.0412 5.9524 6.5939
46 0.793992 3.6641 4.5865 -0.6391 6.3613 7.3525 6.4302 6.0882 5.9695 5.8865 6.4992
47 0.803622 3.6683 4.5810 -0.6116 6.2792 7.2394 6.3360 6.0112 5.9006 5.8230 6.4100
48 0.812967 3.6723 4.5755 -0.5849 6.2001 7.1304 6.2467 5.9371 5.8334 5.7611 6.3246
49 0.822087 3.6763 4.5702 -0.5587 6.1235 7.0248 6.1615 5.8654 5.7678 5.7004 6.2422
50 0.831119 3.6803 4.5647 -0.5328 6.0482 6.9213 6.0789 5.7950 5.7028 5.6402 6.1617
51 0.840190 3.6841 4.5590 -0.5067 5.9733 6.8189 5.9974 5.7251 5.6379 5.5800 6.0820
52 0.846817 3.6869 4.5546 -0.4878 5.9194 6.7455 5.9393 5.6746 5.5909 5.5363 6.0246
53 0.853486 3.6897 4.5501 -0.4687 5.8658 6.6727 5.8816 5.6243 5.5438 5.4924 5.9677
54 0.860147 3.6925 4.5454 -0.4498 5.8126 6.6009 5.8249 5.5744 5.4971 5.4488 5.9114
55 0.866738 3.6951 4.5407 -0.4310 5.7605 6.5308 5.7695 5.5255 5.4512 5.4058 5.8563
56 0.873233 3.6977 4.5358 -0.4127 5.7096 6.4628 5.7157 5.4777 5.4062 5.3635 5.8027
57 0.879597 3.7002 4.5309 -0.3947 5.6601 6.3973 5.6636 5.4312 5.3624 5.3223 5.7506
58 0.885786 3.7025 4.5260 -0.3772 5.6123 6.3343 5.6133 5.3863 5.3201 5.2824 5.7004
59 0.891809 3.7048 4.5211 -0.3603 5.5663 6.2740 5.5649 5.3429 5.2792 5.2437 5.6519
60 0.897668 3.7070 4.5162 -0.3438 5.5217 6.2160 5.5182 5.3009 5.2395 5.2061 5.6052
61 0.903407 3.7091 4.5113 -0.3277 5.4783 6.1597 5.4728 5.2599 5.2008 5.1694 5.5597
62 0.909050 3.7112 4.5062 -0.3120 5.4358 6.1051 5.4284 5.2198 5.1629 5.1333 5.5152
63 0.914622 3.7131 4.5012 -0.2964 5.3941 6.0516 5.3850 5.1805 5.1256 5.0978 5.4716
64 0.920113 3.7150 4.4961 -0.2810 5.3533 5.9996 5.3424 5.1418 5.0890 5.0629 5.4289
65 0.925527 3.7169 4.4910 -0.2659 5.3131 5.9488 5.3008 5.1038 5.0530 5.0284 5.3871
66 0.930868 3.7187 4.4857 -0.2510 5.2738 5.8993 5.2599 5.0665 5.0175 4.9944 5.3460
67 0.936111 3.7204 4.4805 -0.2364 5.2353 5.8511 5.2201 5.0301 4.9828 4.9611 5.3060
68 0.941221 3.7220 4.4752 -0.2221 5.1980 5.8047 5.1815 4.9947 4.9492 4.9287 5.2672
69 0.946182 3.7236 4.4700 -0.2083 5.1618 5.7598 5.1441 4.9604 4.9165 4.8972 5.2296
70 0.951003 3.7251 4.4649 -0.1949 5.1268 5.7167 5.1079 4.9271 4.8848 4.8666 5.1933
71 0.955712 3.7266 4.4597 -0.1818 5.0928 5.6750 5.0727 4.8947 4.8538 4.8368 5.1580
72 0.960306 3.7279 4.4546 -0.1691 5.0596 5.6345 5.0386 4.8632 4.8237 4.8077 5.1237
73 0.964813 3.7293 4.4494 -0.1566 5.0273 5.5952 5.0053 4.8324 4.7943 4.7791 5.0902
74 0.969252 3.7306 4.4442 -0.1443 4.9956 5.5568 4.9727 4.8022 4.7653 4.7511 5.0574
75 0.973646 3.7318 4.4391 -0.1322 4.9645 5.5192 4.9407 4.7724 4.7368 4.7235 5.0252
76 0.978024 3.7330 4.4339 -0.1202 4.9336 5.4821 4.9090 4.7429 4.7086 4.6960 4.9934
77 0.982412 3.7343 4.4286 -0.1081 4.9028 5.4453 4.8775 4.7135 4.6803 4.6687 4.9616
78 0.986859 3.7353 4.4230 -0.0961 4.8719 5.4085 4.8458 4.6838 4.6520 4.6410 4.9297
79 0.991491 3.7366 4.4173 -0.0835 4.8400 5.3705 4.8130 4.6532 4.6225 4.6123 4.8967
80 0.996340 3.7377 4.4112 -0.0705 4.8066 5.3311 4.7789 4.6213 4.5917 4.5823 4.8625
81 1.001197 3.7389 4.4049 -0.0574 4.7733 5.2920 4.7448 4.5892 4.5609 4.5522 4.8282
82 1.004555 3.7396 4.4003 -0.0484 4.7505 5.2653 4.7214 4.5672 4.5396 4.5314 4.8047
83 1.007828 3.7404 4.3959 -0.0398 4.7285 5.2399 4.6991 4.5461 4.5192 4.5114 4.7823
84 1.010787 3.7409 4.3919 -0.0320 4.7089 5.2173 4.6791 4.5272 4.5008 4.4934 4.7621
85 1.013472 3.7415 4.3881 -0.0250 4.6910 5.1968 4.6609 4.5100 4.4842 4.4771 4.7438
86 1.015926 3.7420 4.3846 -0.0184 4.6745 5.1778 4.6441 4.4940 4.4687 4.4619 4.7269
87 1.018254 3.7424 4.3811 -0.0122 4.6588 5.1599 4.6281 4.4789 4.4540 4.4474 4.7108
88 1.020482 3.7429 4.3778 -0.0063 4.6438 5.1428 4.6129 4.4643 4.4397 4.4335 4.6955
89 1.022707 3.7433 4.3743 -0.0004 4.6289 5.1260 4.5977 4.4499 4.4257 4.4198 4.6803
90 1.025014 3.7436 4.3708 0.0056 4.6138 5.1090 4.5824 4.4353 4.4114 4.4056 4.6648
91 1.027493 3.7440 4.3672 0.0119 4.5979 5.0914 4.5664 4.4199 4.3965 4.3909 4.6488
92 1.030296 3.7443 4.3630 0.0187 4.5808 5.0723 4.5490 4.4031 4.3800 4.3747 4.6312
93 1.033757 3.7447 4.3577 0.0267 4.5607 5.0506 4.5287 4.3835 4.3607 4.3556 4.6110
94 1.037563 3.7450 4.3521 0.0353 4.5392 5.0273 4.5070 4.3624 4.3399 4.3350 4.5891
95 1.041414 3.7453 4.3465 0.0439 4.5176 5.0040 4.4852 4.3412 4.3190 4.3143 4.5673
96 1.045144 3.7457 4.3412 0.0522 4.4967 4.9814 4.4642 4.3208 4.2990 4.2945 4.5461
97 1.049087 3.7461 4.3358 0.0608 4.4752 4.9578 4.4425 4.2998 4.2783 4.2740 4.5243
98 1.053761 3.7466 4.3296 0.0707 4.4504 4.9309 4.4174 4.2755 4.2545 4.2504 4.4991
99 1.121088 3.7485 4.2331 0.2021 4.1221 4.5921 4.0886 3.9500 3.9304 3.9276 4.1693
100 1.124181 3.7484 4.2268 0.2091 4.1047 4.5752 4.0712 3.9323 3.9127 3.9098 4.1520
101 1.126608 3.7483 4.2212 0.2154 4.0891 4.5597 4.0557 3.9168 3.8970 3.8941 4.1365
102 1.128712 3.7484 4.2163 0.2213 4.0742 4.5445 4.0408 3.9020 3.8822 3.8794 4.1216
103 1.130417 3.7486 4.2120 0.2269 4.0604 4.5300 4.0269 3.8884 3.8687 3.8660 4.1077
104 1.131824 3.7489 4.2083 0.2320 4.0474 4.5158 4.0138 3.8756 3.8562 3.8536 4.0945
105 1.132902 3.7491 4.2052 0.2368 4.0356 4.5027 4.0018 3.8641 3.8449 3.8425 4.0824
106 1.133793 3.7494 4.2023 0.2412 4.0244 4.4899 3.9904 3.8533 3.8345 3.8322 4.0709
107 1.134498 3.7499 4.2001 0.2455 4.0136 4.4772 3.9794 3.8430 3.8247 3.8226 4.0599
108 1.135075 3.7502 4.1977 0.2495 4.0036 4.4655 3.9692 3.8334 3.8154 3.8135 4.0496
109 1.135574 3.7506 4.1957 0.2534 3.9937 4.4536 3.9590 3.8240 3.8063 3.8047 4.0393
110 1.136078 3.7510 4.1936 0.2573 3.9839 4.4420 3.9491 3.8147 3.7974 3.7960 4.0293
111 1.136545 3.7515 4.1917 0.2611 3.9743 4.4304 3.9391 3.8056 3.7887 3.7874 4.0193
112 1.137006 3.7521 4.1889 0.2664 3.9611 4.4147 3.9258 3.7931 3.7768 3.7759 4.0057
113 1.137401 3.7526 4.1863 0.2716 3.9480 4.3990 3.9124 3.7807 3.7650 3.7644 3.9922
114 1.137735 3.7533 4.1836 0.2768 3.9350 4.3832 3.8989 3.7684 3.7533 3.7529 3.9787
115 1.138022 3.7539 4.1809 0.2819 3.9220 4.3675 3.8856 3.7561 3.7415 3.7414 3.9653
116 1.138289 3.7544 4.1782 0.2871 3.9090 4.3517 3.8722 3.7437 3.7297 3.7298 3.9518
117 1.138513 3.7550 4.1754 0.2923 3.8959 4.3361 3.8589 3.7314 3.7179 3.7183 3.9383
118 1.138694 3.7555 4.1724 0.2976 3.8829 4.3204 3.8455 3.7190 3.7060 3.7067 3.9248
119 1.138843 3.7561 4.1694 0.3028 3.8697 4.3048 3.8321 3.7065 3.6941 3.6950 3.9113
120 1.138976 3.7566 4.1664 0.3081 3.8566 4.2892 3.8187 3.6940 3.6820 3.6832 3.8977
121 1.139103 3.7571 4.1632 0.3133 3.8434 4.2737 3.8053 3.6814 3.6699 3.6714 3.8842
122 1.139240 3.7577 4.1598 0.3186 3.8302 4.2583 3.7918 3.6687 3.6577 3.6593 3.8706
123 1.139480 3.7580 4.1563 0.3240 3.8168 4.2430 3.7782 3.6559 3.6453 3.6471 3.8569
124 1.139825 3.7584 4.1526 0.3292 3.8036 4.2281 3.7648 3.6431 3.6328 3.6348 3.8434
125 1.140182 3.7587 4.1486 0.3346 3.7903 4.2135 3.7514 3.6302 3.6201 3.6223 3.8300
126 1.140593 3.7589 4.1441 0.3399 3.7769 4.1992 3.7378 3.6170 3.6071 3.6093 3.8165
127 1.141477 3.7589 4.1384 0.3457 3.7626 4.1849 3.7235 3.6026 3.5927 3.5949 3.8021
128 1.143089 3.7587 4.1329 0.3513 3.7485 4.1715 3.7097 3.5884 3.5783 3.5805 3.7881
129 1.144826 3.7585 4.1275 0.3567 3.7348 4.1582 3.6960 3.5746 3.5643 3.5664 3.7746
130 1.146616 3.7585 4.1223 0.3623 3.7211 4.1449 3.6824 3.5608 3.5504 3.5524 3.7609
131 1.148428 3.7584 4.1171 0.3677 3.7074 4.1316 3.6687 3.5469 3.5364 3.5385 3.7473
132 1.150243 3.7583 4.1119 0.3733 3.6935 4.1181 3.6549 3.5330 3.5225 3.5245 3.7335
133 1.152037 3.7582 4.1067 0.3788 3.6795 4.1043 3.6410 3.5189 3.5083 3.5103 3.7195
134 1.153787 3.7580 4.1012 0.3844 3.6656 4.0908 3.6271 3.5048 3.4941 3.4959 3.7057
135 1.155512 3.7579 4.0957 0.3901 3.6515 4.0774 3.6131 3.4906 3.4797 3.4815 3.6917
136 1.157209 3.7577 4.0900 0.3957 3.6375 4.0640 3.5992 3.4764 3.4653 3.4671 3.6777
137 1.158875 3.7576 4.0844 0.4014 3.6235 4.0506 3.5853 3.4623 3.4509 3.4527 3.6639
138 1.160516 3.7572 4.0794 0.4056 3.6128 4.0415 3.5749 3.4513 3.4396 3.4411 3.6535
139 1.162117 3.7567 4.0738 0.4096 3.6030 4.0339 3.5653 3.4408 3.4286 3.4299 3.6441
140 1.163689 3.7562 4.0668 0.4149 3.5896 4.0230 3.5523 3.4268 3.4140 3.4151 3.6311
141 1.165258 3.7555 4.0598 0.4201 3.5770 4.0132 3.5402 3.4136 3.4001 3.4009 3.6190
142 1.166828 3.7550 4.0535 0.4247 3.5656 4.0041 3.5290 3.4014 3.3874 3.3880 3.6079
143 1.168365 3.7545 4.0476 0.4292 3.5544 3.9951 3.5181 3.3896 3.3751 3.3756 3.5972
144 1.169864 3.7539 4.0417 0.4337 3.5434 3.9864 3.5075 3.3781 3.3631 3.3632 3.5865
145 1.171326 3.7535 4.0357 0.4382 3.5320 3.9772 3.4965 3.3662 3.3507 3.3506 3.5756
146 1.172746 3.7531 4.0302 0.4425 3.5216 3.9686 3.4863 3.3553 3.3394 3.3391 3.5655
147 1.174137 3.7525 4.0247 0.4465 3.5116 3.9608 3.4766 3.3447 3.3282 3.3278 3.5558
148 1.175501 3.7520 4.0191 0.4503 3.5021 3.9538 3.4675 3.3346 3.3176 3.3169 3.5469
149 1.176838 3.7514 4.0136 0.4540 3.4930 3.9472 3.4587 3.3249 3.3072 3.3062 3.5382
150 1.178150 3.7508 4.0080 0.4576 3.4843 3.9413 3.4504 3.3154 3.2971 3.2959 3.5300
151 1.179440 3.7501 4.0024 0.4610 3.4759 3.9358 3.4425 3.3063 3.2874 3.2858 3.5221
152 1.180712 3.7494 3.9968 0.4643 3.4680 3.9309 3.4350 3.2975 3.2779 3.2760 3.5146
153 1.181965 3.7487 3.9912 0.4674 3.4604 3.9266 3.4279 3.2891 3.2687 3.2665 3.5077
154 1.183203 3.7479 3.9856 0.4703 3.4533 3.9229 3.4213 3.2812 3.2600 3.2574 3.5011
155 1.184425 3.7471 3.9800 0.4731 3.4467 3.9200 3.4152 3.2736 3.2515 3.2486 3.4951
156 1.185632 3.7461 3.9743 0.4756 3.4406 3.9181 3.4097 3.2665 3.2435 3.2402 3.4898
157 1.186826 3.7452 3.9686 0.4780 3.4352 3.9171 3.4048 3.2600 3.2360 3.2323 3.4851
158 1.188002 3.7442 3.9629 0.4800 3.4305 3.9172 3.4008 3.2541 3.2290 3.2248 3.4812
159 1.189160 3.7431 3.9573 0.4817 3.4266 3.9186 3.3977 3.2490 3.2228 3.2181 3.4782
160 1.190291 3.7419 3.9515 0.4830 3.4238 3.9215 3.3957 3.2448 3.2174 3.2121 3.4764
161 1.191388 3.7406 3.9459 0.4839 3.4222 3.9259 3.3949 3.2417 3.2129 3.2071 3.4758
162 1.193492 3.7379 3.9348 0.4852 3.4203 3.9368 3.3948 3.2367 3.2051 3.1981 3.4761
163 1.195532 3.7347 3.9236 0.4839 3.4256 3.9584 3.4025 3.2383 3.2033 3.1946 3.4841
164 1.197506 3.7306 3.9123 0.4798 3.4385 3.9909 3.4183 3.2467 3.2074 3.1966 3.5004
165 1.199367 3.7260 3.9015 0.4729 3.4596 4.0351 3.4430 3.2627 3.2184 3.2051 3.5254
166 1.201087 3.7209 3.8908 0.4635 3.4878 4.0893 3.4754 3.2853 3.2354 3.2190 3.5580
167 1.202705 3.7152 3.8799 0.4524 3.5211 4.1516 3.5136 3.3128 3.2567 3.2367 3.5964
168 1.204317 3.7091 3.8674 0.4409 3.5579 4.2214 3.5560 3.3428 3.2798 3.2555 3.6388
169 1.206090 3.7023 3.8497 0.4319 3.5909 4.2935 3.5961 3.3685 3.2975 3.2680 3.6787
170 1.208038 3.6952 3.8221 0.4323 3.6023 4.3461 3.6151 3.3723 3.2931 3.2577 3.6972
171 1.209764 3.6900 3.7912 0.4431 3.5855 4.3611 3.6045 3.3498 3.2640 3.2242 3.6858
172 1.211196 3.6866 3.7619 0.4588 3.5538 4.3514 3.5776 3.3145 3.2240 3.1811 3.6581
173 1.212437 3.6840 3.7346 0.4765 3.5153 4.3286 3.5425 3.2732 3.1794 3.1343 3.6225
174 1.213546 3.6821 3.7089 0.4951 3.4731 4.2981 3.5032 3.2291 3.1327 3.0859 3.5825
175 1.214572 3.6806 3.6842 0.5142 3.4291 4.2634 3.4614 3.1835 3.0849 3.0369 3.5402
176 1.215533 3.6794 3.6602 0.5335 3.3836 4.2256 3.4179 3.1369 3.0365 2.9874 3.4963
177 1.216441 3.6784 3.6368 0.5531 3.3373 4.1857 3.3732 3.0896 2.9876 2.9378 3.4511
178 1.217310 3.6775 3.6137 0.5728 3.2904 4.1445 3.3279 3.0418 2.9385 2.8880 3.4055
179 1.218146 3.6765 3.5908 0.5926 3.2433 4.1026 3.2822 2.9938 2.8891 2.8380 3.3594
180 1.218945 3.6758 3.5681 0.6124 3.1957 4.0596 3.2358 2.9454 2.8395 2.7879 3.3126
181 1.219715 3.6751 3.5454 0.6324 3.1479 4.0164 3.1894 2.8969 2.7899 2.7377 3.2657
182 1.220327 3.6745 3.5271 0.6487 3.1086 3.9805 3.1511 2.8571 2.7491 2.6966 3.2272
183 1.220934 3.6739 3.5081 0.6656 3.0680 3.9433 3.1115 2.8159 2.7070 2.6541 3.1872
184 1.221538 3.6733 3.4886 0.6829 3.0265 3.9054 3.0710 2.7738 2.6640 2.6106 3.1464
185 1.222139 3.6727 3.4688 0.7004 2.9841 3.8667 3.0298 2.7309 2.6201 2.5663 3.1049
186 1.222735 3.6721 3.4483 0.7187 2.9401 3.8264 2.9869 2.6864 2.5745 2.5204 3.0617
187 1.223327 3.6714 3.4274 0.7373 2.8953 3.7853 2.9432 2.6409 2.5281 2.4735 3.0176
188 1.223914 3.6709 3.4060 0.7565 2.8489 3.7426 2.8980 2.5939 2.4801 2.4251 2.9720
189 1.224496 3.6703 3.3840 0.7762 2.8015 3.6990 2.8518 2.5459 2.4311 2.3756 2.9254
190 1.225072 3.6696 3.3615 0.7963 2.7530 3.6545 2.8046 2.4969 2.3809 2.3251 2.8778
191 1.225641 3.6689 3.3381 0.8172 2.7028 3.6085 2.7558 2.4461 2.3290 2.2727 2.8285
192 1.226203 3.6682 3.3142 0.8385 2.6515 3.5615 2.7058 2.3941 2.2757 2.2189 2.7781
193 1.226757 3.6675 3.2893 0.8605 2.5987 3.5134 2.6546 2.3406 2.2209 2.1637 2.7263
194 1.227304 3.6666 3.2640 0.8830 2.5447 3.4641 2.6021 2.2858 2.1648 2.1070 2.6733
195 1.227840 3.6658 3.2377 0.9062 2.4892 3.4138 2.5484 2.2295 2.1072 2.0486 2.6189
196 1.228369 3.6650 3.2107 0.9299 2.4324 3.3624 2.4933 2.1720 2.0480 1.9889 2.5633
197 1.228886 3.6641 3.1828 0.9543 2.3741 3.3098 2.4370 2.1128 1.9872 1.9274 2.5063
198 1.229392 3.6632 3.1542 0.9793 2.3145 3.2561 2.3794 2.0523 1.9250 1.8645 2.4480
199 1.229889 3.6621 3.1250 1.0049 2.2536 3.2016 2.3208 1.9905 1.8614 1.8001 2.3885
200 1.230372 3.6611 3.0947 1.0312 2.1912 3.1458 2.2607 1.9272 1.7962 1.7340 2.3276
201 1.230841 3.6600 3.0636 1.0580 2.1273 3.0890 2.1994 1.8623 1.7293 1.6663 2.2653
202 1.231298 3.6589 3.0318 1.0855 2.0623 3.0313 2.1369 1.7961 1.6611 1.5970 2.2019
203 1.231741 3.6577 2.9991 1.1136 1.9960 2.9728 2.0735 1.7287 1.5914 1.5263 2.1374
204 1.232170 3.6565 2.9655 1.1422 1.9286 2.9138 2.0093 1.6602 1.5203 1.4541 2.0720
205 1.232584 3.6551 2.9312 1.1714 1.8603 2.8543 1.9443 1.5906 1.4480 1.3806 2.0057
206 1.232984 3.6537 2.8961 1.2011 1.7908 2.7941 1.8785 1.5198 1.3743 1.3057 1.9384
207 1.233369 3.6523 2.8602 1.2313 1.7204 2.7335 1.8121 1.4480 1.2996 1.2296 1.8704
208 1.233740 3.6508 2.8238 1.2620 1.6491 2.6725 1.7452 1.3754 1.2237 1.1524 1.8017
209 1.234098 3.6492 2.7867 1.2930 1.5772 2.6112 1.6779 1.3020 1.1470 1.0741 1.7324
210 1.234443 3.6476 2.7490 1.3244 1.5047 2.5498 1.6104 1.2280 1.0693 0.9949 1.6628
211 1.234775 3.6460 2.7108 1.3561 1.4318 2.4886 1.5429 1.1535 0.9911 0.9149 1.5929
212 1.235106 3.6443 2.6723 1.3880 1.3588 2.4278 1.4757 1.0790 0.9124 0.8345 1.5232
213 1.235466 3.6428 2.6360 1.4180 1.2902 2.3706 1.4127 1.0089 0.8384 0.7588 1.4577
214 1.235901 3.6417 2.6128 1.4374 1.2456 2.3332 1.3713 0.9633 0.7905 0.7098 1.4150
215 1.236362 3.6426 2.6290 1.4249 1.2733 2.3543 1.3959 0.9919 0.8212 0.7416 1.4408
216 1.236715 3.6441 2.6547 1.4052 1.3171 2.3876 1.4348 1.0370 0.8698 0.7918 1.4819
217 1.236775 3.6440 2.6505 1.4090 1.3080 2.3793 1.4262 1.0278 0.8603 0.7823 1.4730
218 1.236831 3.6437 2.6451 1.4137 1.2969 2.3694 1.4157 1.0166 0.8487 0.7704 1.4623
219 1.236889 3.6436 2.6394 1.4186 1.2855 2.3594 1.4051 1.0050 0.8366 0.7582 1.4513
220 1.236951 3.6434 2.6337 1.4234 1.2741 2.3496 1.3945 0.9935 0.8244 0.7458 1.4404
221 1.237017 3.6431 2.6276 1.4284 1.2629 2.3402 1.3841 0.9819 0.8122 0.7332 1.4296
222 1.237078 3.6429 2.6212 1.4337 1.2508 2.3303 1.3732 0.9695 0.7992 0.7198 1.4181
223 1.237135 3.6425 2.6145 1.4392 1.2384 2.3202 1.3620 0.9569 0.7857 0.7061 1.4064
224 1.237189 3.6421 2.6077 1.4447 1.2260 2.3102 1.3508 0.9442 0.7722 0.6922 1.3947
225 1.237241 3.6418 2.6010 1.4502 1.2136 2.3001 1.3396 0.9315 0.7587 0.6783 1.3829
226 1.237291 3.6415 2.5942 1.4557 1.2012 2.2901 1.3284 0.9188 0.7451 0.6643 1.3712
227 1.237820 3.6379 2.5154 1.5199 1.0564 2.1724 1.1979 0.7705 0.5869 0.5022 1.2341
228 1.238277 3.6341 2.4388 1.5816 0.9190 2.0631 1.0765 0.6296 0.4353 0.3462 1.1051
229 1.238676 3.6303 2.3640 1.6415 0.7870 1.9602 0.9623 0.4942 0.2886 0.1949 0.9822
230 1.239025 3.6264 2.2902 1.7000 0.6597 1.8631 0.8550 0.3634 0.1456 0.0470 0.8648
231 1.239334 3.6226 2.2169 1.7579 0.5356 1.7706 0.7532 0.2357 0.0050 -0.0989 0.7515
232 1.239604 3.6186 2.1447 1.8144 0.4157 1.6830 0.6577 0.1121 -0.1326 -0.2418 0.6431
233 1.239839 3.6147 2.0748 1.8688 0.3017 1.6022 0.5703 -0.0054 -0.2645 -0.3794 0.5414
234 1.240050 3.6109 2.0056 1.9227 0.1907 1.5257 0.4892 -0.1199 -0.3943 -0.5152 0.4440
235 1.240236 3.6070 1.9373 1.9752 0.0842 1.4556 0.4168 -0.2296 -0.5209 -0.6483 0.3523
236 1.240400 3.6030 1.8704 2.0267 -0.0181 1.3915 0.3521 -0.3349 -0.6438 -0.7782 0.2661
237 1.240548 3.5992 1.8044 2.0773 -0.1168 1.3325 0.2949 -0.4364 -0.7640 -0.9059 0.1848
238 1.240678 3.5954 1.7403 2.1264 -0.2111 1.2779 0.2458 -0.5337 -0.8808 -1.0300 0.1090
239 1.240796 3.5916 1.6769 2.1748 -0.3018 1.2297 0.2040 -0.6271 -0.9946 -1.1520 0.0380
240 1.240901 3.5879 1.6152 2.2217 -0.3880 1.1890 0.1707 -0.7150 -1.1036 -1.2700 -0.0270
241 1.240996 3.5843 1.5542 2.2680 -0.4702 1.1557 0.1454 -0.7984 -1.2090 -1.3854 -0.0868
242 1.241081 3.5806 1.4943 2.3132 -0.5477 1.1314 0.1295 -0.8761 -1.3098 -1.4975 -0.1402
243 1.241158 3.5769 1.4354 2.3574 -0.6208 1.1160 0.1240 -0.9486 -1.4065 -1.6066 -0.1872
244 1.241228 3.5733 1.3781 2.4001 -0.6893 1.1096 0.1305 -1.0156 -1.4991 -1.7125 -0.2275
245 1.241291 3.5696 1.3217 2.4421 -0.7534 1.1114 0.1454 -1.0771 -1.5872 -1.8152 -0.2619
246 1.241348 3.5661 1.2662 2.4833 -0.8119 1.1241 0.1705 -1.1316 -1.6691 -1.9135 -0.2890
247 1.241401 3.5625 1.2120 2.5232 -0.8644 1.1496 0.2070 -1.1785 -1.7441 -2.0072 -0.3082
248 1.241448 3.5590 1.1588 2.5624 -0.9119 1.1858 0.2531 -1.2188 -1.8131 -2.0967 -0.3208
249 1.241492 3.5555 1.1067 2.6006 -0.9539 1.2333 0.3090 -1.2520 -1.8754 -2.1814 -0.3262
250 1.241531 3.5520 1.0554 2.6380 -0.9842 1.3158 0.3976 -1.2701 -1.9246 -2.2590 -0.3146
251 1.241568 3.5486 1.0053 2.6744 -1.0099 1.4113 0.4992 -1.2820 -1.9674 -2.3328 -0.2966
252 1.241602 3.5452 0.9561 2.7099 -1.0291 1.5185 0.6119 -1.2857 -2.0030 -2.4008 -0.2706
253 1.241633 3.5418 0.9078 2.7445 -1.0435 1.6326 0.7303 -1.2829 -2.0325 -2.4639 -0.2390
254 1.241663 3.5384 0.8606 2.7784 -1.0522 1.7483 0.8454 -1.2726 -2.0544 -2.5197 -0.2024
255 1.241689 3.5351 0.8143 2.8115 -1.0567 1.8651 0.9574 -1.2563 -2.0705 -2.5700 -0.1622
256 1.241714 3.5319 0.7691 2.8436 -1.0581 1.9796 1.0624 -1.2355 -2.0816 -2.6151 -0.1201
257 1.241737 3.5286 0.7247 2.8751 -1.0477 2.1017 1.1600 -1.1983 -2.0789 -2.6483 -0.0655
258 1.241759 3.5254 0.6815 2.9058 -1.0176 2.2427 1.2519 -1.1335 -2.0541 -2.6631 0.0119
259 1.241778 3.5223 0.6392 2.9357 -0.9863 2.3764 1.3310 -1.0667 -2.0265 -2.6745 0.0884
260 1.241798 3.5193 0.5979 2.9649 -0.9557 2.4993 1.3954 -1.0006 -1.9981 -2.6840 0.1613
261 1.241815 3.5163 0.5571 2.9935 -0.9273 2.6095 1.4440 -0.9372 -1.9705 -2.6929 0.2287
262 1.241831 3.5133 0.5173 3.0214 -0.9070 2.6954 1.4694 -0.8843 -1.9499 -2.7061 0.2826
263 1.241846 3.5104 0.4784 3.0487 -0.8934 2.7596 1.4752 -0.8405 -1.9347 -2.7214 0.3245
264 1.241861 3.5076 0.4403 3.0753 -0.8868 2.8011 1.4612 -0.8071 -1.9253 -2.7387 0.3534
265 1.241875 3.5047 0.4029 3.1013 -0.8916 2.8144 1.4227 -0.7892 -1.9260 -2.7617 0.3641
266 1.241887 3.5018 0.3662 3.1266 -0.9072 2.8191 1.3807 -0.7899 -1.9396 -2.7915 0.3581
267 1.241900 3.4991 0.3303 3.1515 -0.9239 2.8353 1.3538 -0.7989 -1.9569 -2.8189 0.3473
268 1.241912 3.4962 0.2945 3.1756 -0.9420 2.8466 1.3227 -0.8129 -1.9750 -2.8434 0.3309
269 1.241922 3.4935 0.2598 3.1993 -0.9637 2.8483 1.2870 -0.8342 -1.9964 -2.8674 0.3070
270 1.241932 3.4906 0.2255 3.2225 -0.9860 2.8451 1.2485 -0.8592 -2.0178 -2.8879 0.2787
271 1.241942 3.4879 0.1922 3.2450 -1.0024 2.8485 1.2200 -0.8809 -2.0328 -2.8976 0.2544
272 1.241952 3.4853 0.1595 3.2670 -1.0153 2.8540 1.1959 -0.9013 -2.0436 -2.9000 0.2313
273 1.241960 3.4826 0.1272 3.2886 -1.0292 2.8530 1.1681 -0.9248 -2.0549 -2.9006 0.2046
274 1.241969 3.4799 0.0955 3.3096 -1.0457 2.8426 1.1341 -0.9524 -2.0684 -2.9016 0.1731
275 1.241977 3.4773 0.0644 3.3302 -1.0665 2.8200 1.0913 -0.9852 -2.0852 -2.9050 0.1353
276 1.241985 3.4747 0.0340 3.3502 -1.0927 2.7858 1.0434 -1.0225 -2.1079 -2.9150 0.0932
277 1.241992 3.4721 0.0043 3.3696 -1.1227 2.7783 1.0541 -1.0418 -2.1431 -2.9521 0.0799
278 1.241998 3.4697 -0.0240 3.3880 -1.1485 2.7955 1.0850 -1.0520 -2.1766 -2.9891 0.0785
279 1.242252 3.4675 -0.0487 3.4042 -1.1793 2.7899 1.0983 -1.0705 -2.2134 -3.0293 0.0669

