#AGE= 4.000 EEPS=270
#EEP M/Mo LogTeff LogG LogL/Lo open gp1 rp1 ip1 zp1 yp1 wp1
9 0.140170 3.4805 5.1132 -2.6533 12.0521 14.6209 13.3847 11.8223 11.0906 10.7014 12.7736
10 0.172703 3.4870 5.0594 -2.4829 11.6223 14.1219 12.9091 11.3882 10.6709 10.2861 12.3263
11 0.207363 3.4939 5.0180 -2.3345 11.2322 13.6577 12.4666 10.9920 10.2919 9.9185 11.9147
12 0.236353 3.4984 4.9870 -2.2286 10.9428 13.3146 12.1353 10.6963 10.0111 9.6501 11.6070
13 0.259730 3.5017 4.9642 -2.1518 10.7297 13.0613 11.8899 10.4782 9.8045 9.4536 11.3795
14 0.281334 3.5045 4.9442 -2.0859 10.5483 12.8467 11.6829 10.2929 9.6287 9.2854 11.1866
15 0.297010 3.5065 4.9315 -2.0417 10.4284 12.7053 11.5481 10.1705 9.5123 9.1732 11.0597
16 0.307107 3.5077 4.9231 -2.0139 10.3534 12.6174 11.4642 10.0940 9.4394 9.1028 10.9805
17 0.314012 3.5084 4.9163 -1.9943 10.3011 12.5571 11.4067 10.0409 9.3885 9.0532 10.9258
18 0.319398 3.5090 4.9101 -1.9783 10.2591 12.5091 11.3610 9.9984 9.3474 9.0130 10.8820
19 0.323103 3.5094 4.9061 -1.9677 10.2312 12.4770 11.3305 9.9700 9.3201 8.9864 10.8528
20 0.324855 3.5091 4.9067 -1.9670 10.2300 12.4783 11.3307 9.9689 9.3186 8.9845 10.8522
21 0.326855 3.5100 4.9101 -1.9643 10.2189 12.4583 11.3133 9.9567 9.3091 8.9770 10.8381
22 0.330066 3.5103 4.9055 -1.9544 10.1935 12.4304 11.2866 9.9312 9.2841 8.9522 10.8121
23 0.333993 3.5107 4.9003 -1.9424 10.1628 12.3959 11.2540 9.9002 9.2539 8.9223 10.7804
24 0.340595 3.5114 4.8935 -1.9242 10.1154 12.3418 11.2029 9.8524 9.2076 8.8766 10.7314
25 0.344542 3.5120 4.8951 -1.9187 10.0991 12.3201 11.1831 9.8354 9.1923 8.8625 10.7133
26 0.457909 3.5310 4.8028 -1.6297 9.3421 11.4189 10.3627 9.0645 8.4597 8.1462 9.9195
27 0.491350 3.5381 4.7769 -1.5419 9.1089 11.1399 10.1121 8.8239 8.2344 7.9287 9.6732
28 0.515084 3.5445 4.7584 -1.4773 8.9402 10.9351 9.9291 8.6484 8.0730 7.7746 9.4932
29 0.545655 3.5544 4.7364 -1.3910 8.7141 10.6531 9.6742 8.4120 7.8602 7.5742 9.2474
30 0.579922 3.5670 4.7134 -1.2913 8.4398 10.2873 9.3288 8.1265 7.6117 7.3454 8.9380
31 0.614505 3.5810 4.6919 -1.1885 8.1369 9.8621 8.9105 7.8142 7.3514 7.1124 8.5836
32 0.647196 3.5952 4.6732 -1.0907 7.8238 9.4078 8.4485 7.4968 7.0985 6.8923 8.2072
33 0.676639 3.6084 4.6576 -1.0030 7.5343 8.9921 8.0145 7.2109 6.8782 6.7004 7.8570
34 0.717887 3.6273 4.6372 -0.8806 7.1243 8.4026 7.4053 6.8084 6.5681 6.4314 7.3627
35 0.740651 3.6376 4.6266 -0.8152 6.9091 8.1029 7.1083 6.6042 6.4076 6.2874 7.1114
36 0.759466 3.6460 4.6180 -0.7619 6.7377 7.8654 6.8837 6.4427 6.2762 6.1685 6.9153
37 0.775481 3.6531 4.6106 -0.7173 6.5970 7.6707 6.7076 6.3103 6.1651 6.0673 6.7571
38 0.789650 3.6592 4.6039 -0.6783 6.4765 7.5044 6.5622 6.1972 6.0678 5.9782 6.6237
39 0.802302 3.6646 4.5977 -0.6439 6.3719 7.3600 6.4395 6.0991 5.9814 5.8988 6.5090
40 0.814126 3.6696 4.5920 -0.6116 6.2753 7.2263 6.3288 6.0088 5.9005 5.8244 6.4041
41 0.825591 3.6745 4.5862 -0.5803 6.1828 7.0981 6.2248 5.9223 5.8220 5.7520 6.3042
42 0.837151 3.6794 4.5804 -0.5489 6.0909 6.9711 6.1233 5.8364 5.7431 5.6791 6.2057
43 0.849084 3.6843 4.5739 -0.5165 5.9978 6.8431 6.0217 5.7495 5.6626 5.6046 6.1063
44 0.861481 3.6893 4.5670 -0.4832 5.9030 6.7135 5.9195 5.6609 5.5802 5.5280 6.0055
45 0.873976 3.6942 4.5597 -0.4499 5.8095 6.5865 5.8196 5.5733 5.4981 5.4515 5.9063
46 0.886176 3.6989 4.5521 -0.4176 5.7199 6.4661 5.7246 5.4893 5.4193 5.3777 5.8117
47 0.897865 3.7033 4.5444 -0.3870 5.6356 6.3540 5.6357 5.4102 5.3449 5.3076 5.7229
48 0.909099 3.7073 4.5368 -0.3576 5.5557 6.2486 5.5517 5.3351 5.2742 5.2409 5.6388
49 0.920087 3.7112 4.5290 -0.3291 5.4785 6.1480 5.4709 5.2625 5.2058 5.1760 5.5578
50 0.931023 3.7150 4.5209 -0.3008 5.4027 6.0499 5.3917 5.1911 5.1384 5.1120 5.4784
51 0.942008 3.7187 4.5125 -0.2725 5.3274 5.9536 5.3133 5.1201 5.0712 5.0479 5.3997
52 0.948363 3.7207 4.5074 -0.2562 5.2843 5.8989 5.2686 5.0794 5.0327 5.0109 5.3547
53 0.954617 3.7227 4.5023 -0.2402 5.2421 5.8457 5.2248 5.0395 4.9950 4.9747 5.3108
54 0.960778 3.7247 4.4971 -0.2244 5.2008 5.7938 5.1820 5.0004 4.9579 4.9392 5.2677
55 0.966873 3.7266 4.4919 -0.2089 5.1602 5.7431 5.1400 4.9620 4.9213 4.9040 5.2255
56 0.972940 3.7284 4.4866 -0.1935 5.1201 5.6932 5.0985 4.9240 4.8853 4.8692 5.1837
57 0.979006 3.7303 4.4811 -0.1782 5.0802 5.6438 5.0573 4.8862 4.8493 4.8346 5.1423
58 0.985117 3.7321 4.4756 -0.1627 5.0403 5.5947 5.0161 4.8483 4.8132 4.7998 5.1009
59 0.991470 3.7338 4.4697 -0.1467 4.9991 5.5440 4.9737 4.8091 4.7759 4.7637 5.0581
60 0.997965 3.7357 4.4635 -0.1304 4.9570 5.4927 4.9303 4.7691 4.7377 4.7267 5.0145
61 1.004117 3.7373 4.4573 -0.1148 4.9171 5.4443 4.8894 4.7311 4.7014 4.6916 4.9733
62 1.009767 3.7389 4.4516 -0.1005 4.8807 5.4003 4.8519 4.6964 4.6682 4.6593 4.9355
63 1.014831 3.7402 4.4463 -0.0877 4.8480 5.3610 4.8184 4.6653 4.6384 4.6303 4.9019
64 1.019470 3.7415 4.4413 -0.0759 4.8180 5.3250 4.7876 4.6367 4.6110 4.6037 4.8709
65 1.023931 3.7426 4.4364 -0.0646 4.7893 5.2906 4.7581 4.6092 4.5847 4.5780 4.8411
66 1.028491 3.7437 4.4314 -0.0531 4.7601 5.2559 4.7283 4.5814 4.5580 4.5520 4.8111
67 1.033452 3.7449 4.4262 -0.0409 4.7290 5.2190 4.6965 4.5518 4.5296 4.5243 4.7790
68 1.039303 3.7463 4.4201 -0.0268 4.6935 5.1768 4.6602 4.5179 4.4970 4.4925 4.7424
69 1.046802 3.7479 4.4124 -0.0094 4.6493 5.1246 4.6150 4.4757 4.4564 4.4528 4.6969
70 1.060788 3.7507 4.3974 0.0225 4.5690 5.0309 4.5330 4.3986 4.3820 4.3799 4.6144
71 1.084910 3.7550 4.3683 0.0785 4.4286 4.8707 4.3905 4.2634 4.2508 4.2509 4.4708
72 1.104187 3.7582 4.3456 0.1217 4.3206 4.7479 4.2808 4.1592 4.1496 4.1512 4.3604
73 1.114383 3.7596 4.3338 0.1432 4.2669 4.6876 4.2264 4.1072 4.0990 4.1013 4.3057
74 1.122207 3.7606 4.3242 0.1596 4.2262 4.6426 4.1853 4.0677 4.0602 4.0631 4.2643
75 1.128807 3.7612 4.3153 0.1735 4.1914 4.6051 4.1503 4.0337 4.0269 4.0300 4.2291
76 1.135402 3.7617 4.3061 0.1871 4.1574 4.5688 4.1160 4.0002 3.9939 3.9972 4.1947
77 1.143244 3.7622 4.2958 0.2026 4.1189 4.5278 4.0773 3.9624 3.9565 3.9601 4.1559
78 1.154451 3.7629 4.2818 0.2236 4.0667 4.4724 4.0248 3.9110 3.9057 3.9096 4.1031
79 1.173277 3.7638 4.2574 0.2588 3.9790 4.3805 3.9368 3.8246 3.8199 3.8244 4.0149
80 1.199749 3.7645 4.2215 0.3070 3.8589 4.2571 3.8166 3.7054 3.7012 3.7060 3.8943
81 1.216994 3.7645 4.1977 0.3371 3.7836 4.1815 3.7414 3.6303 3.6260 3.6307 3.8190
82 1.225922 3.7644 4.1849 0.3525 3.7453 4.1436 3.7032 3.5918 3.5874 3.5921 3.7807
83 1.234357 3.7642 4.1726 0.3670 3.7092 4.1083 3.6673 3.5555 3.5509 3.5555 3.7449
84 1.242500 3.7640 4.1605 0.3808 3.6746 4.0746 3.6328 3.5206 3.5156 3.5201 3.7103
85 1.250591 3.7637 4.1484 0.3947 3.6402 4.0413 3.5986 3.4859 3.4805 3.4849 3.6762
86 1.258876 3.7633 4.1355 0.4090 3.6044 4.0070 3.5630 3.4497 3.4440 3.4482 3.6406
87 1.266978 3.7629 4.1226 0.4230 3.5694 3.9737 3.5283 3.4143 3.4080 3.4121 3.6059
88 1.274606 3.7624 4.1103 0.4361 3.5368 3.9431 3.4961 3.3812 3.3746 3.3784 3.5738
89 1.281616 3.7619 4.0991 0.4477 3.5078 3.9161 3.4673 3.3516 3.3445 3.3481 3.5451
90 1.287932 3.7614 4.0889 0.4578 3.4826 3.8931 3.4425 3.3258 3.3180 3.3215 3.5203
91 1.293591 3.7608 4.0799 0.4665 3.4610 3.8740 3.4212 3.3035 3.2952 3.2984 3.4991
92 1.298638 3.7602 4.0718 0.4739 3.4423 3.8578 3.4029 3.2843 3.2754 3.2782 3.4809
93 1.303235 3.7596 4.0643 0.4805 3.4259 3.8439 3.3868 3.2671 3.2576 3.2603 3.4649
94 1.307518 3.7590 4.0573 0.4866 3.4108 3.8314 3.3720 3.2513 3.2412 3.2435 3.4502
95 1.311547 3.7584 4.0506 0.4923 3.3966 3.8199 3.3582 3.2364 3.2258 3.2279 3.4365
96 1.315402 3.7578 4.0439 0.4977 3.3830 3.8088 3.3449 3.2221 3.2108 3.2126 3.4233
97 1.319113 3.7572 4.0374 0.5031 3.3695 3.7979 3.3318 3.2081 3.1962 3.1977 3.4103
98 1.322656 3.7566 4.0310 0.5085 3.3561 3.7869 3.3188 3.1940 3.1816 3.1829 3.3973
99 1.325972 3.7563 4.0249 0.5139 3.3428 3.7755 3.3057 3.1802 3.1672 3.1684 3.3843
100 1.328961 3.7559 4.0191 0.5191 3.3297 3.7640 3.2929 3.1667 3.1534 3.1544 3.3715
101 1.331543 3.7556 4.0140 0.5241 3.3172 3.7525 3.2805 3.1540 3.1404 3.1413 3.3592
102 1.333691 3.7555 4.0096 0.5287 3.3056 3.7413 3.2690 3.1422 3.1285 3.1294 3.3476
103 1.335429 3.7555 4.0059 0.5330 3.2949 3.7306 3.2582 3.1315 3.1179 3.1187 3.3370
104 1.336804 3.7556 4.0026 0.5369 3.2853 3.7207 3.2486 3.1219 3.1083 3.1091 3.3273
105 1.337952 3.7557 3.9998 0.5406 3.2762 3.7111 3.2395 3.1129 3.0994 3.1003 3.3181
106 1.338933 3.7558 3.9973 0.5440 3.2675 3.7018 3.2308 3.1046 3.0911 3.0921 3.3094
107 1.339785 3.7561 3.9951 0.5473 3.2593 3.6924 3.2223 3.0965 3.0833 3.0844 3.3009
108 1.340530 3.7562 3.9929 0.5505 3.2514 3.6839 3.2145 3.0889 3.0759 3.0770 3.2930
109 1.341183 3.7564 3.9910 0.5535 3.2438 3.6752 3.2067 3.0815 3.0686 3.0699 3.2851
110 1.341766 3.7567 3.9891 0.5564 3.2363 3.6667 3.1992 3.0744 3.0617 3.0631 3.2776
111 1.342284 3.7569 3.9874 0.5594 3.2292 3.6585 3.1919 3.0675 3.0551 3.0565 3.2702
112 1.342650 3.7571 3.9860 0.5615 3.2236 3.6521 3.1862 3.0622 3.0500 3.0515 3.2645
113 1.343014 3.7573 3.9847 0.5640 3.2176 3.6449 3.1800 3.0564 3.0444 3.0460 3.2583
114 1.343377 3.7576 3.9834 0.5665 3.2114 3.6376 3.1737 3.0505 3.0387 3.0405 3.2519
115 1.343736 3.7579 3.9819 0.5692 3.2045 3.6294 3.1666 3.0440 3.0324 3.0344 3.2449
116 1.344091 3.7582 3.9803 0.5722 3.1971 3.6205 3.1591 3.0369 3.0257 3.0278 3.2372
117 1.344440 3.7585 3.9786 0.5756 3.1888 3.6106 3.1506 3.0290 3.0182 3.0204 3.2286
118 1.344783 3.7590 3.9768 0.5791 3.1799 3.5997 3.1414 3.0206 3.0101 3.0125 3.2194
119 1.345116 3.7594 3.9749 0.5829 3.1704 3.5883 3.1317 3.0117 3.0017 3.0043 3.2096
120 1.345439 3.7600 3.9729 0.5871 3.1600 3.5756 3.1211 3.0019 2.9923 2.9952 3.1988
121 1.345746 3.7605 3.9707 0.5916 3.1486 3.5617 3.1094 2.9912 2.9822 2.9853 3.1871
122 1.346030 3.7611 3.9683 0.5968 3.1360 3.5462 3.0965 2.9794 2.9709 2.9743 3.1740
123 1.346293 3.7619 3.9657 0.6022 3.1225 3.5296 3.0826 2.9666 2.9589 2.9625 3.1599
124 1.346534 3.7626 3.9630 0.6080 3.1080 3.5117 3.0677 2.9532 2.9461 2.9500 3.1449
125 1.346751 3.7634 3.9602 0.6141 3.0928 3.4930 3.0521 2.9390 2.9326 2.9369 3.1292
126 1.346942 3.7642 3.9571 0.6205 3.0769 3.4734 3.0358 2.9241 2.9184 2.9231 3.1126
127 1.347110 3.7651 3.9539 0.6271 3.0605 3.4532 3.0190 2.9087 2.9039 2.9088 3.0956
128 1.347250 3.7659 3.9505 0.6339 3.0436 3.4326 3.0017 2.8928 2.8888 2.8941 3.0781
129 1.347367 3.7667 3.9469 0.6409 3.0263 3.4116 2.9840 2.8766 2.8733 2.8790 3.0602
130 1.347468 3.7675 3.9431 0.6479 3.0088 3.3904 2.9661 2.8602 2.8575 2.8636 3.0421
131 1.347559 3.7683 3.9394 0.6551 2.9913 3.3692 2.9482 2.8437 2.8417 2.8482 3.0239
132 1.347637 3.7691 3.9354 0.6622 2.9736 3.3480 2.9301 2.8270 2.8258 2.8325 3.0057
133 1.347705 3.7699 3.9312 0.6694 2.9559 3.3269 2.9120 2.8102 2.8097 2.8168 2.9874
134 1.347763 3.7706 3.9270 0.6766 2.9381 3.3059 2.8939 2.7933 2.7935 2.8008 2.9691
135 1.347815 3.7714 3.9222 0.6842 2.9193 3.2840 2.8748 2.7756 2.7763 2.7840 2.9499
136 1.347866 3.7721 3.9175 0.6918 2.9005 3.2620 2.8557 2.7577 2.7590 2.7670 2.9306
137 1.347919 3.7728 3.9128 0.6992 2.8824 3.2411 2.8373 2.7405 2.7424 2.7506 2.9121
138 1.348011 3.7727 3.9119 0.7001 2.8802 3.2387 2.8350 2.7382 2.7402 2.7484 2.9098
139 1.348050 3.7722 3.9150 0.6947 2.8933 3.2543 2.8485 2.7506 2.7521 2.7601 2.9234
140 1.348107 3.7710 3.9156 0.6893 2.9062 3.2723 2.8619 2.7620 2.7624 2.7698 2.9371
141 1.348206 3.7693 3.9028 0.6957 2.8898 3.2627 2.8463 2.7436 2.7425 2.7493 2.9218
142 1.348300 3.7686 3.8921 0.7032 2.8709 3.2471 2.8277 2.7238 2.7219 2.7282 2.9034
143 1.348419 3.7681 3.8840 0.7095 2.8551 3.2332 2.8122 2.7074 2.7050 2.7112 2.8880
144 1.348483 3.7683 3.8786 0.7157 2.8396 3.2168 2.7967 2.6923 2.6901 2.6963 2.8724
145 1.348546 3.7681 3.8843 0.7094 2.8554 3.2334 2.8125 2.7077 2.7054 2.7117 2.8882
146 1.348582 3.7677 3.8899 0.7019 2.8743 3.2545 2.8316 2.7260 2.7232 2.7293 2.9076
147 1.348698 3.7659 3.8883 0.6965 2.8875 3.2754 2.8457 2.7370 2.7326 2.7378 2.9220
148 1.348968 3.7635 3.8765 0.6991 2.8806 3.2788 2.8401 2.7273 2.7207 2.7250 2.9168
149 1.349285 3.7619 3.8687 0.7003 2.8777 3.2833 2.8381 2.7224 2.7143 2.7179 2.9151
150 1.349627 3.7606 3.8621 0.7018 2.8738 3.2850 2.8349 2.7169 2.7076 2.7105 2.9121
151 1.349983 3.7596 3.8571 0.7029 2.8711 3.2869 2.8328 2.7131 2.7026 2.7053 2.9102
152 1.350346 3.7587 3.8530 0.7036 2.8692 3.2889 2.8314 2.7102 2.6989 2.7012 2.9090
153 1.350712 3.7579 3.8495 0.7042 2.8679 3.2910 2.8305 2.7079 2.6960 2.6979 2.9082
154 1.351080 3.7573 3.8464 0.7046 2.8668 3.2929 2.8298 2.7060 2.6933 2.6950 2.9076
155 1.351445 3.7566 3.8435 0.7051 2.8658 3.2948 2.8291 2.7042 2.6910 2.6924 2.9071
156 1.351811 3.7559 3.8407 0.7054 2.8649 3.2967 2.8287 2.7026 2.6888 2.6899 2.9067
157 1.352175 3.7553 3.8379 0.7057 2.8642 3.2989 2.8283 2.7011 2.6866 2.6875 2.9065
158 1.352539 3.7547 3.8352 0.7059 2.8636 3.3012 2.8282 2.6999 2.6847 2.6853 2.9064
159 1.352901 3.7540 3.8326 0.7061 2.8634 3.3038 2.8282 2.6988 2.6830 2.6833 2.9066
160 1.353263 3.7534 3.8299 0.7061 2.8633 3.3069 2.8287 2.6980 2.6815 2.6815 2.9071
161 1.353623 3.7526 3.8271 0.7061 2.8637 3.3103 2.8293 2.6973 2.6802 2.6799 2.9079
162 1.354806 3.7501 3.8185 0.7053 2.8661 3.3238 2.8333 2.6969 2.6773 2.6761 2.9122
163 1.355941 3.7474 3.8104 0.7026 2.8737 3.3441 2.8427 2.7013 2.6789 2.6764 2.9220
164 1.357027 3.7442 3.8030 0.6978 2.8867 3.3719 2.8576 2.7107 2.6850 2.6813 2.9375
165 1.358040 3.7408 3.7967 0.6908 2.9054 3.4070 2.8786 2.7254 2.6962 2.6910 2.9590
166 1.358966 3.7372 3.7914 0.6819 2.9297 3.4489 2.9053 2.7455 2.7127 2.7056 2.9862
167 1.359804 3.7335 3.7872 0.6714 2.9583 3.4958 2.9366 2.7700 2.7331 2.7243 3.0179
168 1.360566 3.7296 3.7838 0.6597 2.9903 3.5467 2.9714 2.7976 2.7567 2.7459 3.0531
169 1.361272 3.7258 3.7809 0.6473 3.0245 3.6004 3.0086 2.8275 2.7824 2.7695 3.0906
170 1.361945 3.7217 3.7780 0.6345 3.0600 3.6558 3.0473 2.8588 2.8092 2.7942 3.1295
171 1.362611 3.7176 3.7744 0.6216 3.0962 3.7132 3.0871 2.8906 2.8365 2.8189 3.1694
172 1.363307 3.7130 3.7691 0.6089 3.1332 3.7739 3.1282 2.9228 2.8636 2.8431 3.2106
173 1.364120 3.7078 3.7598 0.5977 3.1684 3.8375 3.1684 2.9524 2.8873 2.8631 3.2507
174 1.365074 3.7021 3.7417 0.5929 3.1891 3.8906 3.1950 2.9669 2.8950 2.8665 3.2770
175 1.366044 3.6968 3.7174 0.5966 3.1890 3.9209 3.2006 2.9612 2.8831 2.8504 3.2822
176 1.366947 3.6927 3.6905 0.6074 3.1702 3.9268 3.1865 2.9378 2.8547 2.8186 3.2676
177 1.367658 3.6900 3.6650 0.6221 3.1389 3.9121 3.1586 2.9037 2.8170 2.7786 3.2392
178 1.368251 3.6880 3.6416 0.6378 3.1036 3.8886 3.1259 2.8663 2.7771 2.7371 3.2061
179 1.368797 3.6865 3.6197 0.6537 3.0673 3.8620 3.0919 2.8285 2.7372 2.6959 3.1717
180 1.369316 3.6851 3.5986 0.6697 3.0304 3.8331 3.0568 2.7901 2.6971 2.6547 3.1362
181 1.369815 3.6839 3.5781 0.6858 2.9929 3.8027 3.0210 2.7514 2.6567 2.6134 3.1001
182 1.370432 3.6827 3.5524 0.7064 2.9444 3.7621 2.9744 2.7016 2.6051 2.5607 3.0531
183 1.371042 3.6815 3.5270 0.7273 2.8948 3.7195 2.9265 2.6509 2.5526 2.5074 3.0048
184 1.371649 3.6804 3.5017 0.7485 2.8447 3.6761 2.8783 2.5997 2.4998 2.4538 2.9561
185 1.372252 3.6794 3.4765 0.7697 2.7942 3.6320 2.8293 2.5482 2.4468 2.4000 2.9067
186 1.372853 3.6784 3.4513 0.7910 2.7434 3.5873 2.7800 2.4963 2.3935 2.3460 2.8570
187 1.373451 3.6774 3.4262 0.8125 2.6922 3.5419 2.7303 2.4442 2.3399 2.2917 2.8070
188 1.374047 3.6764 3.4010 0.8340 2.6407 3.4963 2.6804 2.3918 2.2861 2.2372 2.7567
189 1.374640 3.6755 3.3759 0.8556 2.5890 3.4503 2.6302 2.3392 2.2321 2.1825 2.7060
190 1.375231 3.6746 3.3506 0.8774 2.5370 3.4039 2.5797 2.2862 2.1777 2.1275 2.6551
191 1.375819 3.6737 3.3252 0.8992 2.4848 3.3574 2.5291 2.2331 2.1232 2.0723 2.6041
192 1.376404 3.6727 3.2998 0.9213 2.4322 3.3106 2.4781 2.1797 2.0683 2.0168 2.5526
193 1.376985 3.6718 3.2741 0.9434 2.3793 3.2634 2.4269 2.1259 2.0131 1.9609 2.5009
194 1.377562 3.6709 3.2481 0.9658 2.3258 3.2157 2.3751 2.0715 1.9571 1.9043 2.4486
195 1.378133 3.6700 3.2219 0.9885 2.2717 3.1675 2.3227 2.0165 1.9007 1.8471 2.3957
196 1.378698 3.6690 3.1952 1.0114 2.2170 3.1189 2.2699 1.9609 1.8435 1.7892 2.3422
197 1.379258 3.6680 3.1683 1.0346 2.1618 3.0700 2.2166 1.9047 1.7857 1.7306 2.2884
198 1.379814 3.6670 3.1411 1.0580 2.1064 3.0210 2.1631 1.8483 1.7275 1.6716 2.2342
199 1.380363 3.6660 3.1134 1.0817 2.0501 2.9713 2.1090 1.7911 1.6686 1.6119 2.1794
200 1.380904 3.6649 3.0853 1.1058 1.9932 2.9213 2.0543 1.7332 1.6088 1.5512 2.1240
201 1.381437 3.6638 3.0566 1.1302 1.9355 2.8706 1.9989 1.6743 1.5481 1.4896 2.0678
202 1.381959 3.6626 3.0274 1.1550 1.8768 2.8194 1.9427 1.6146 1.4863 1.4268 2.0107
203 1.382473 3.6615 2.9977 1.1802 1.8175 2.7677 1.8859 1.5541 1.4237 1.3632 1.9531
204 1.382978 3.6603 2.9673 1.2058 1.7574 2.7157 1.8286 1.4929 1.3602 1.2986 1.8948
205 1.383473 3.6590 2.9364 1.2317 1.6966 2.6632 1.7707 1.4308 1.2957 1.2331 1.8357
206 1.383956 3.6577 2.9049 1.2582 1.6349 2.6103 1.7121 1.3679 1.2303 1.1665 1.7761
207 1.384427 3.6563 2.8728 1.2850 1.5724 2.5568 1.6530 1.3040 1.1639 1.0988 1.7156
208 1.384887 3.6549 2.8401 1.3122 1.5090 2.5030 1.5932 1.2394 1.0964 1.0300 1.6545
209 1.385334 3.6534 2.8068 1.3398 1.4450 2.4489 1.5330 1.1740 1.0280 0.9603 1.5928
210 1.385771 3.6519 2.7730 1.3678 1.3803 2.3943 1.4724 1.1078 0.9588 0.8896 1.5305
211 1.386197 3.6504 2.7387 1.3962 1.3150 2.3397 1.4117 1.0412 0.8889 0.8181 1.4679
212 1.386613 3.6488 2.7039 1.4248 1.2494 2.2850 1.3507 0.9741 0.8182 0.7460 1.4050
213 1.387023 3.6472 2.6689 1.4536 1.1835 2.2304 1.2898 0.9066 0.7472 0.6733 1.3420
214 1.387433 3.6456 2.6337 1.4824 1.1179 2.1764 1.2296 0.8395 0.6763 0.6007 1.2794
215 1.387864 3.6441 2.5993 1.5106 1.0536 2.1236 1.1708 0.7737 0.6067 0.5294 1.2182
216 1.388418 3.6429 2.5722 1.5331 1.0024 2.0809 1.1236 0.7213 0.5514 0.4728 1.1692
217 1.388493 3.6428 2.5715 1.5337 1.0006 2.0793 1.1220 0.7196 0.5496 0.4711 1.1675
218 1.388576 3.6429 2.5717 1.5337 1.0007 2.0791 1.1218 0.7195 0.5498 0.4712 1.1674
219 1.388658 3.6429 2.5731 1.5326 1.0030 2.0808 1.1239 0.7220 0.5524 0.4739 1.1696
220 1.388727 3.6431 2.5756 1.5307 1.0072 2.0841 1.1277 0.7264 0.5571 0.4788 1.1736
221 1.388785 3.6433 2.5786 1.5284 1.0125 2.0882 1.1323 0.7318 0.5629 0.4848 1.1786
222 1.388835 3.6435 2.5819 1.5258 1.0182 2.0926 1.1374 0.7377 0.5692 0.4914 1.1839
223 1.388881 3.6436 2.5853 1.5231 1.0242 2.0973 1.1427 0.7438 0.5758 0.4981 1.1895
224 1.388924 3.6438 2.5888 1.5204 1.0302 2.1019 1.1481 0.7500 0.5826 0.5051 1.1952
225 1.388964 3.6440 2.5923 1.5176 1.0364 2.1067 1.1536 0.7564 0.5893 0.5119 1.2010
226 1.389004 3.6442 2.5957 1.5150 1.0422 2.1113 1.1588 0.7624 0.5958 0.5187 1.2064
227 1.389689 3.6455 2.6181 1.4983 1.0785 2.1375 1.1906 0.8000 0.6365 0.5609 1.2401
228 1.390446 3.6423 2.5504 1.5533 0.9544 2.0370 1.0780 0.6729 0.5015 0.4224 1.1224
229 1.391117 3.6384 2.4715 1.6169 0.8117 1.9227 0.9499 0.5264 0.3449 0.2615 0.9877
230 1.391702 3.6345 2.3962 1.6769 0.6787 1.8186 0.8329 0.3899 0.1975 0.1097 0.8632
231 1.392220 3.6307 2.3223 1.7355 0.5504 1.7201 0.7225 0.2580 0.0542 -0.0384 0.7440
232 1.392669 3.6269 2.2506 1.7919 0.4284 1.6283 0.6202 0.1325 -0.0834 -0.1809 0.6319
233 1.393072 3.6229 2.1790 1.8479 0.3086 1.5402 0.5225 0.0091 -0.2197 -0.3225 0.5228
234 1.393424 3.6190 2.1090 1.9023 0.1937 1.4574 0.4314 -0.1094 -0.3518 -0.4600 0.4193
235 1.393741 3.6151 2.0395 1.9562 0.0814 1.3785 0.3455 -0.2253 -0.4822 -0.5960 0.3193
236 1.394018 3.6112 1.9725 2.0079 -0.0246 1.3068 0.2688 -0.3346 -0.6068 -0.7265 0.2265
237 1.394266 3.6073 1.9062 2.0587 -0.1267 1.2405 0.2001 -0.4402 -0.7290 -0.8551 0.1391
238 1.394488 3.6034 1.8412 2.1084 -0.2250 1.1798 0.1386 -0.5414 -0.8475 -0.9806 0.0565
239 1.394687 3.5997 1.7773 2.1571 -0.3196 1.1243 0.0842 -0.6388 -0.9632 -1.1035 -0.0211
240 1.394864 3.5960 1.7153 2.2044 -0.4100 1.0724 0.0375 -0.7324 -1.0757 -1.2232 -0.0937
241 1.395024 3.5923 1.6543 2.2507 -0.4966 1.0268 -0.0021 -0.8216 -1.1847 -1.3399 -0.1611
242 1.395169 3.5886 1.5945 2.2960 -0.5794 0.9878 -0.0340 -0.9063 -1.2899 -1.4538 -0.2237
243 1.395298 3.5851 1.5365 2.3398 -0.6573 0.9565 -0.0578 -0.9855 -1.3901 -1.5634 -0.2801
244 1.395416 3.5815 1.4789 2.3831 -0.7315 0.9328 -0.0735 -1.0603 -1.4870 -1.6708 -0.3314
245 1.395523 3.5779 1.4224 2.4255 -0.8014 0.9175 -0.0802 -1.1297 -1.5795 -1.7751 -0.3767
246 1.395621 3.5744 1.3669 2.4667 -0.8677 0.9102 -0.0746 -1.1950 -1.6695 -1.8776 -0.4161
247 1.395709 3.5709 1.3131 2.5067 -0.9293 0.9105 -0.0615 -1.2545 -1.7542 -1.9759 -0.4495
248 1.395790 3.5675 1.2601 2.5459 -0.9867 0.9188 -0.0405 -1.3087 -1.8344 -2.0710 -0.4775
249 1.395864 3.5640 1.2077 2.5844 -1.0383 0.9395 -0.0083 -1.3556 -1.9082 -2.1616 -0.4976
250 1.395932 3.5607 1.1570 2.6218 -1.0848 0.9705 0.0330 -1.3959 -1.9757 -2.2480 -0.5114
251 1.395995 3.5573 1.1070 2.6583 -1.1264 1.0122 0.0838 -1.4298 -2.0375 -2.3303 -0.5186
252 1.396052 3.5540 1.0581 2.6940 -1.1600 1.0727 0.1514 -1.4539 -2.0902 -2.4066 -0.5154
253 1.396105 3.5507 1.0102 2.7288 -1.1867 1.1589 0.2447 -1.4682 -2.1340 -2.4789 -0.5009
254 1.396154 3.5474 0.9632 2.7628 -1.2067 1.2582 0.3505 -1.4743 -2.1703 -2.5456 -0.4782
255 1.396200 3.5442 0.9172 2.7958 -1.2219 1.3647 0.4627 -1.4743 -2.2009 -2.6075 -0.4499
256 1.396242 3.5410 0.8722 2.8280 -1.2341 1.4734 0.5759 -1.4701 -2.2272 -2.6654 -0.4187
257 1.396282 3.5378 0.8278 2.8597 -1.2407 1.5856 0.6875 -1.4579 -2.2459 -2.7166 -0.3819
258 1.396318 3.5347 0.7848 2.8904 -1.2438 1.6959 0.7931 -1.4413 -2.2597 -2.7626 -0.3430
259 1.396352 3.5317 0.7424 2.9204 -1.2441 1.8051 0.8931 -1.4204 -2.2691 -2.8043 -0.3019
260 1.396384 3.5286 0.7011 2.9497 -1.2315 1.9231 0.9863 -1.3818 -2.2637 -2.8331 -0.2473
261 1.396413 3.5257 0.6607 2.9783 -1.2019 2.0576 1.0742 -1.3192 -2.2390 -2.8459 -0.1729
262 1.396441 3.5227 0.6208 3.0065 -1.1702 2.1881 1.1523 -1.2534 -2.2108 -2.8554 -0.0975
263 1.396468 3.5199 0.5820 3.0339 -1.1396 2.3075 1.2161 -1.1890 -2.1825 -2.8633 -0.0264
264 1.396492 3.5170 0.5440 3.0606 -1.1114 2.4146 1.2655 -1.1276 -2.1552 -2.8707 0.0393
265 1.396516 3.5143 0.5068 3.0867 -1.0881 2.5044 1.2974 -1.0728 -2.1318 -2.8798 0.0957
266 1.396537 3.5115 0.4703 3.1122 -1.0699 2.5754 1.3124 -1.0249 -2.1125 -2.8907 0.1426
267 1.396558 3.5088 0.4346 3.1372 -1.0592 2.6248 1.3078 -0.9875 -2.0996 -2.9046 0.1767
268 1.396577 3.5062 0.3995 3.1616 -1.0586 2.6494 1.2815 -0.9637 -2.0956 -2.9235 0.1949
269 1.396596 3.5036 0.3652 3.1854 -1.0686 2.6480 1.2336 -0.9544 -2.1013 -2.9478 0.1961
270 1.396613 3.5010 0.3316 3.2086 -1.0852 2.6607 1.2041 -0.9615 -2.1182 -2.9774 0.1870
271 1.396630 3.4984 0.2985 3.2314 -1.1018 2.6729 1.1766 -0.9722 -2.1351 -3.0026 0.1744
272 1.396645 3.4956 0.2655 3.2534 -1.1192 2.6809 1.1452 -0.9869 -2.1524 -3.0251 0.1570
273 1.396660 3.4932 0.2338 3.2752 -1.1398 2.6805 1.1108 -1.0078 -2.1726 -3.0470 0.1334
274 1.396675 3.4907 0.2027 3.2964 -1.1609 2.6762 1.0750 -1.0316 -2.1928 -3.0660 0.1068
275 1.396688 3.4882 0.1721 3.3171 -1.1747 2.6807 1.0499 -1.0505 -2.2054 -3.0733 0.0852
276 1.396701 3.4857 0.1422 3.3371 -1.1846 2.6884 1.0299 -1.0675 -2.2134 -3.0734 0.0659
277 1.396714 3.4834 0.1133 3.3566 -1.1965 2.6892 1.0062 -1.0876 -2.2230 -3.0737 0.0430
278 1.396735 3.4810 0.0855 3.3752 -1.2093 2.6839 0.9790 -1.1097 -2.2331 -3.0731 0.0175

