#AGE=16.000 EEPS=266
#EEP M/Mo LogTeff LogG LogL/Lo open gp1 rp1 ip1 zp1 yp1 wp1
14 0.104506 3.5449 5.3762 -2.7859 11.9193 13.7145 12.2998 11.5828 11.2641 11.0955 12.2307
15 0.114078 3.5539 5.3314 -2.6667 11.6117 13.3178 11.9447 11.2831 10.9829 10.8181 11.9028
16 0.124249 3.5629 5.2872 -2.5505 11.3087 12.9303 11.6044 10.9873 10.7032 10.5435 11.5827
17 0.134721 3.5708 5.2473 -2.4441 11.0320 12.5780 11.3000 10.7169 10.4456 10.2908 11.2921
18 0.145045 3.5771 5.2149 -2.3534 10.7960 12.2792 11.0449 10.4859 10.2244 10.0742 11.0452
19 0.154936 3.5821 5.1885 -2.2781 10.6005 12.0353 10.8371 10.2950 10.0408 9.8939 10.8422
20 0.164565 3.5862 5.1663 -2.2135 10.4334 11.8291 10.6597 10.1306 9.8822 9.7385 10.6688
21 0.174517 3.5896 5.1461 -2.1534 10.2777 11.6392 10.4958 9.9784 9.7342 9.5934 10.5079
22 0.185328 3.5933 5.1267 -2.0937 10.1228 11.4524 10.3340 9.8266 9.5871 9.4487 10.3483
23 0.201523 3.5975 5.1005 -2.0137 9.9166 11.2048 10.1178 9.6239 9.3899 9.2553 10.1353
24 0.224507 3.6029 5.0710 -1.9178 9.6694 10.9098 9.8603 9.3809 9.1537 9.0233 9.8810
25 0.246960 3.6074 5.0456 -1.8330 9.4496 10.6510 9.6332 9.1650 8.9434 8.8168 9.6551
26 0.270688 3.6116 5.0239 -1.7542 9.2452 10.4130 9.4214 8.9639 8.7477 8.6247 9.4453
27 0.293100 3.6152 5.0083 -1.6897 9.0785 10.2187 9.2487 8.8000 8.5884 8.4686 9.2738
28 0.307462 3.6173 5.0009 -1.6536 8.9837 10.1086 9.1506 8.7070 8.4985 8.3804 9.1767
29 0.316217 3.6180 4.9974 -1.6331 8.9308 10.0466 9.0955 8.6549 8.4477 8.3305 9.1222
30 0.321837 3.6192 4.9943 -1.6195 8.8954 10.0053 9.0586 8.6201 8.4139 8.2975 9.0859
31 0.326138 3.6198 4.9933 -1.6102 8.8706 9.9760 9.0327 8.5958 8.3904 8.2747 9.0600
32 0.330638 3.6203 4.9904 -1.5988 8.8410 9.9413 9.0021 8.5666 8.3620 8.2471 9.0294
33 0.336465 3.6211 4.9869 -1.5845 8.8033 9.8971 8.9629 8.5300 8.3267 8.2125 8.9909
34 0.343866 3.6223 4.9820 -1.5649 8.7528 9.8379 8.9103 8.4804 8.2789 8.1658 8.9388
35 0.351956 3.6239 4.9759 -1.5434 8.6955 9.7699 8.8509 8.4245 8.2247 8.1132 8.8795
36 0.360229 3.6255 4.9691 -1.5204 8.6350 9.6970 8.7872 8.3649 8.1678 8.0572 8.8167
37 0.368389 3.6273 4.9620 -1.4969 8.5729 9.6231 8.7224 8.3046 8.1101 8.0011 8.7528
38 0.376417 3.6292 4.9550 -1.4737 8.5115 9.5494 8.6581 8.2448 8.0524 7.9453 8.6889
39 0.384563 3.6308 4.9477 -1.4504 8.4501 9.4765 8.5941 8.1848 7.9946 7.8889 8.6252
40 0.390468 3.6316 4.9466 -1.4391 8.4214 9.4438 8.5646 8.1567 7.9676 7.8620 8.5958
41 0.406363 3.6351 4.9246 -1.3845 8.2780 9.2718 8.4148 8.0161 7.8318 7.7300 8.4475
42 0.416014 3.6379 4.9103 -1.3489 8.1838 9.1577 8.3161 7.9247 7.7437 7.6443 8.3501
43 0.421841 3.6396 4.9007 -1.3267 8.1254 9.0875 8.2546 7.8675 7.6888 7.5906 8.2894
44 0.428231 3.6414 4.8901 -1.3023 8.0612 9.0101 8.1873 7.8046 7.6286 7.5322 8.2227
45 0.435387 3.6433 4.8802 -1.2759 7.9917 8.9251 8.1142 7.7372 7.5645 7.4696 8.1503
46 0.443383 3.6461 4.8689 -1.2463 7.9130 8.8282 8.0310 7.6609 7.4918 7.3996 8.0683
47 0.451029 3.6489 4.8577 -1.2173 7.8356 8.7326 7.9497 7.5860 7.4205 7.3304 7.9877
48 0.457909 3.6512 4.8477 -1.1902 7.7629 8.6419 7.8722 7.5154 7.3536 7.2656 7.9116
49 0.464648 3.6542 4.8380 -1.1623 7.6888 8.5489 7.7938 7.4441 7.2862 7.2007 7.8339
50 0.471154 3.6572 4.8291 -1.1353 7.6158 8.4559 7.7163 7.3738 7.2202 7.1371 7.7572
51 0.477439 3.6601 4.8201 -1.1085 7.5441 8.3643 7.6403 7.3052 7.1556 7.0754 7.6820
52 0.481646 3.6625 4.8146 -1.0904 7.4958 8.3023 7.5886 7.2591 7.1124 7.0337 7.6309
53 0.485943 3.6646 4.8088 -1.0718 7.4464 8.2382 7.5359 7.2119 7.0681 6.9916 7.5785
54 0.490373 3.6671 4.8031 -1.0531 7.3966 8.1747 7.4826 7.1638 7.0235 6.9484 7.5262
55 0.494834 3.6689 4.7968 -1.0345 7.3462 8.1113 7.4296 7.1159 6.9781 6.9051 7.4737
56 0.499303 3.6716 4.7909 -1.0154 7.2949 8.0457 7.3749 7.0670 6.9322 6.8611 7.4194
57 0.503765 3.6738 4.7849 -0.9960 7.2431 7.9793 7.3197 7.0176 6.8860 6.8172 7.3646
58 0.508202 3.6764 4.7795 -0.9762 7.1906 7.9111 7.2637 6.9677 6.8398 6.7728 7.3093
59 0.512589 3.6790 4.7739 -0.9564 7.1380 7.8435 7.2078 6.9178 6.7933 6.7289 7.2537
60 0.516940 3.6819 4.7689 -0.9366 7.0858 7.7768 7.1525 6.8682 6.7466 6.6846 7.1987
61 0.521252 3.6846 4.7634 -0.9166 7.0335 7.7098 7.0970 6.8186 6.7004 6.6405 7.1438
62 0.525509 3.6875 4.7588 -0.8969 6.9815 7.6432 7.0417 6.7692 6.6547 6.5968 7.0888
63 0.529717 3.6904 4.7541 -0.8771 6.9298 7.5769 6.9868 6.7203 6.6093 6.5537 7.0341
64 0.533896 3.6935 4.7495 -0.8573 6.8784 7.5106 6.9326 6.6720 6.5642 6.5110 6.9801
65 0.538050 3.6964 4.7451 -0.8379 6.8285 7.4466 6.8792 6.6246 6.5200 6.4690 6.9276
66 0.542178 3.6987 4.7398 -0.8189 6.7789 7.3847 6.8274 6.5775 6.4760 6.4269 6.8754
67 0.546366 3.7013 4.7345 -0.7990 6.7293 7.3217 6.7749 6.5305 6.4321 6.3850 6.8230
68 0.550595 3.7044 4.7291 -0.7796 6.6790 7.2580 6.7218 6.4828 6.3875 6.3430 6.7702
69 0.554857 3.7070 4.7239 -0.7595 6.6283 7.1943 6.6686 6.4354 6.3430 6.3008 6.7173
70 0.559148 3.7100 4.7181 -0.7394 6.5777 7.1312 6.6153 6.3876 6.2983 6.2579 6.6643
71 0.563432 3.7130 4.7130 -0.7195 6.5275 7.0681 6.5626 6.3397 6.2539 6.2157 6.6115
72 0.567698 3.7156 4.7072 -0.6995 6.4776 7.0054 6.5103 6.2932 6.2101 6.1738 6.5592
73 0.571940 3.7183 4.7019 -0.6793 6.4283 6.9435 6.4587 6.2468 6.1667 6.1323 6.5073
74 0.576138 3.7210 4.6958 -0.6598 6.3799 6.8830 6.4079 6.2006 6.1237 6.0912 6.4567
75 0.580243 3.7237 4.6902 -0.6405 6.3324 6.8243 6.3583 6.1559 6.0812 6.0509 6.4070
76 0.584173 3.7263 4.6848 -0.6220 6.2860 6.7681 6.3101 6.1121 6.0402 6.0118 6.3588
77 0.587911 3.7285 4.6795 -0.6040 6.2424 6.7145 6.2646 6.0706 6.0012 5.9740 6.3129
78 0.591482 3.7312 4.6744 -0.5869 6.2000 6.6627 6.2202 6.0307 5.9634 5.9378 6.2689
79 0.594884 3.7333 4.6689 -0.5698 6.1592 6.6136 6.1779 5.9920 5.9268 5.9028 6.2263
80 0.598138 3.7354 4.6636 -0.5540 6.1195 6.5655 6.1369 5.9546 5.8917 5.8696 6.1850
81 0.601254 3.7375 4.6584 -0.5379 6.0816 6.5192 6.0971 5.9187 5.8577 5.8369 6.1456
82 0.605494 3.7403 4.6512 -0.5164 6.0289 6.4550 6.0426 5.8689 5.8111 5.7921 6.0906
83 0.609622 3.7431 4.6433 -0.4946 5.9769 6.3918 5.9882 5.8196 5.7645 5.7473 6.0363
84 0.613664 3.7458 4.6358 -0.4730 5.9247 6.3293 5.9344 5.7698 5.7173 5.7021 5.9821
85 0.617633 3.7485 4.6276 -0.4515 5.8724 6.2680 5.8803 5.7199 5.6701 5.6564 5.9283
86 0.621559 3.7513 4.6197 -0.4296 5.8205 6.2056 5.8268 5.6711 5.6238 5.6120 5.8742
87 0.625451 3.7540 4.6108 -0.4078 5.7685 6.1426 5.7727 5.6224 5.5778 5.5678 5.8202
88 0.629324 3.7565 4.6020 -0.3858 5.7166 6.0792 5.7186 5.5735 5.5319 5.5235 5.7658
89 0.633135 3.7590 4.5928 -0.3637 5.6638 6.0159 5.6646 5.5238 5.4848 5.4778 5.7113
90 0.636993 3.7618 4.5834 -0.3411 5.6101 5.9528 5.6090 5.4732 5.4365 5.4312 5.6560
91 0.641117 3.7643 4.5733 -0.3177 5.5541 5.8874 5.5512 5.4195 5.3854 5.3817 5.5978
92 0.645475 3.7671 4.5628 -0.2927 5.4956 5.8193 5.4909 5.3635 5.3318 5.3300 5.5372
93 0.649998 3.7699 4.5514 -0.2673 5.4347 5.7492 5.4287 5.3055 5.2765 5.2762 5.4747
94 0.654637 3.7728 4.5396 -0.2414 5.3729 5.6782 5.3655 5.2465 5.2200 5.2215 5.4112
95 0.659338 3.7756 4.5274 -0.2150 5.3105 5.6066 5.3016 5.1868 5.1627 5.1659 5.3468
96 0.664052 3.7781 4.5151 -0.1887 5.2474 5.5347 5.2368 5.1268 5.1052 5.1098 5.2821
97 0.668738 3.7808 4.5020 -0.1624 5.1848 5.4632 5.1729 5.0672 5.0478 5.0539 5.2176
98 0.673356 3.7833 4.4888 -0.1361 5.1222 5.3917 5.1088 5.0070 4.9901 4.9974 5.1533
99 0.677782 3.7857 4.4750 -0.1103 5.0605 5.3224 5.0463 4.9481 4.9331 4.9420 5.0900
100 0.681872 3.7878 4.4615 -0.0852 4.9996 5.2543 4.9841 4.8895 4.8772 4.8869 5.0278
101 0.685650 3.7900 4.4475 -0.0604 4.9406 5.1887 4.9241 4.8328 4.8220 4.8330 4.9675
102 0.689172 3.7921 4.4336 -0.0364 4.8820 5.1237 4.8643 4.7759 4.7669 4.7790 4.9077
103 0.692434 3.7938 4.4195 -0.0126 4.8250 5.0612 4.8065 4.7210 4.7139 4.7271 4.8495
104 0.695454 3.7957 4.4054 0.0105 4.7696 4.9993 4.7500 4.6674 4.6622 4.6758 4.7927
105 0.698254 3.7975 4.3913 0.0331 4.7153 4.9397 4.6950 4.6153 4.6111 4.6259 4.7373
106 0.700844 3.7987 4.3769 0.0552 4.6627 4.8807 4.6417 4.5648 4.5623 4.5774 4.6835
107 0.703237 3.8000 4.3622 0.0773 4.6106 4.8230 4.5887 4.5149 4.5139 4.5295 4.6303
108 0.705463 3.8015 4.3472 0.0986 4.5586 4.7662 4.5361 4.4644 4.4648 4.4812 4.5777
109 0.707533 3.8026 4.3321 0.1200 4.5074 4.7101 4.4841 4.4148 4.4164 4.4330 4.5252
110 0.709465 3.8039 4.3164 0.1409 4.4566 4.6557 4.4331 4.3653 4.3678 4.3853 4.4740
111 0.711275 3.8046 4.3006 0.1616 4.4058 4.6016 4.3821 4.3161 4.3195 4.3371 4.4226
112 0.711779 3.8051 4.2959 0.1676 4.3912 4.5859 4.3671 4.3018 4.3052 4.3229 4.4079
113 0.712280 3.8051 4.2911 0.1735 4.3760 4.5699 4.3520 4.2867 4.2908 4.3086 4.3925
114 0.712777 3.8056 4.2866 0.1796 4.3612 4.5542 4.3366 4.2722 4.2763 4.2942 4.3773
115 0.713268 3.8058 4.2819 0.1855 4.3460 4.5385 4.3218 4.2573 4.2622 4.2801 4.3622
116 0.713758 3.8058 4.2770 0.1920 4.3310 4.5222 4.3062 4.2426 4.2472 4.2652 4.3468
117 0.714246 3.8063 4.2719 0.1983 4.3157 4.5060 4.2907 4.2273 4.2324 4.2505 4.3313
118 0.714730 3.8063 4.2669 0.2044 4.3000 4.4899 4.2752 4.2122 4.2175 4.2357 4.3155
119 0.715212 3.8068 4.2617 0.2109 4.2845 4.4733 4.2591 4.1967 4.2020 4.2206 4.2996
120 0.715692 3.8070 4.2568 0.2174 4.2684 4.4564 4.2429 4.1810 4.1867 4.2051 4.2836
121 0.716164 3.8073 4.2515 0.2237 4.2524 4.4396 4.2270 4.1653 4.1715 4.1900 4.2677
122 0.716628 3.8076 4.2465 0.2305 4.2356 4.4217 4.2103 4.1491 4.1554 4.1740 4.2504
123 0.717088 3.8079 4.2412 0.2373 4.2191 4.4042 4.1934 4.1329 4.1395 4.1584 4.2336
124 0.717547 3.8082 4.2359 0.2442 4.2022 4.3863 4.1764 4.1165 4.1236 4.1424 4.2166
125 0.718003 3.8086 4.2310 0.2512 4.1852 4.3677 4.1592 4.0999 4.1071 4.1263 4.1994
126 0.718450 3.8089 4.2253 0.2578 4.1677 4.3496 4.1418 4.0828 4.0906 4.1099 4.1817
127 0.718899 3.8092 4.2199 0.2655 4.1503 4.3314 4.1242 4.0657 4.0736 4.0930 4.1640
128 0.719349 3.8097 4.2140 0.2725 4.1325 4.3126 4.1061 4.0481 4.0562 4.0759 4.1459
129 0.719787 3.8099 4.2080 0.2798 4.1143 4.2936 4.0878 4.0304 4.0387 4.0584 4.1280
130 0.720225 3.8100 4.2014 0.2870 4.0960 4.2748 4.0694 4.0125 4.0207 4.0405 4.1096
131 0.720655 3.8098 4.1945 0.2945 4.0774 4.2555 4.0507 3.9935 4.0023 4.0221 4.0906
132 0.721082 3.8099 4.1873 0.3019 4.0584 4.2366 4.0318 3.9747 3.9833 4.0031 4.0714
133 0.721507 3.8101 4.1800 0.3099 4.0391 4.2173 4.0124 3.9557 3.9644 3.9838 4.0523
134 0.721928 3.8099 4.1722 0.3174 4.0195 4.1976 3.9931 3.9362 3.9448 3.9642 4.0330
135 0.722344 3.8098 4.1647 0.3252 3.9999 4.1783 3.9733 3.9166 3.9252 3.9446 4.0134
136 0.722753 3.8100 4.1568 0.3329 3.9801 4.1585 3.9537 3.8965 3.9051 3.9249 3.9934
137 0.723159 3.8099 4.1484 0.3410 3.9598 4.1384 3.9334 3.8767 3.8849 3.9041 3.9733
138 0.723562 3.8095 4.1400 0.3491 3.9397 4.1183 3.9132 3.8560 3.8641 3.8834 3.9533
139 0.723959 3.8093 4.1312 0.3573 3.9188 4.0982 3.8924 3.8352 3.8434 3.8623 3.9325
140 0.724350 3.8090 4.1224 0.3655 3.8979 4.0774 3.8716 3.8141 3.8220 3.8408 3.9118
141 0.724737 3.8087 4.1128 0.3737 3.8765 4.0570 3.8506 3.7924 3.8001 3.8187 3.8905
142 0.725114 3.8086 4.1029 0.3819 3.8553 4.0365 3.8293 3.7709 3.7780 3.7964 3.8693
143 0.725487 3.8079 4.0932 0.3907 3.8334 4.0157 3.8076 3.7486 3.7555 3.7737 3.8479
144 0.725856 3.8074 4.0829 0.3993 3.8112 3.9950 3.7859 3.7259 3.7327 3.7506 3.8257
145 0.726215 3.8069 4.0720 0.4078 3.7892 3.9740 3.7637 3.7032 3.7092 3.7268 3.8038
146 0.726564 3.8063 4.0612 0.4168 3.7663 3.9527 3.7415 3.6799 3.6856 3.7026 3.7817
147 0.726906 3.8056 4.0497 0.4257 3.7433 3.9318 3.7189 3.6565 3.6610 3.6779 3.7589
148 0.727243 3.8048 4.0379 0.4349 3.7198 3.9108 3.6954 3.6319 3.6360 3.6525 3.7358
149 0.727569 3.8039 4.0256 0.4436 3.6960 3.8894 3.6721 3.6073 3.6108 3.6269 3.7128
150 0.727889 3.8029 4.0126 0.4530 3.6722 3.8681 3.6490 3.5823 3.5849 3.6002 3.6891
151 0.728195 3.8018 3.9993 0.4621 3.6477 3.8471 3.6250 3.5572 3.5588 3.5738 3.6657
152 0.728498 3.8006 3.9852 0.4716 3.6237 3.8260 3.6011 3.5315 3.5320 3.5461 3.6422
153 0.728785 3.7992 3.9708 0.4808 3.5987 3.8048 3.5773 3.5055 3.5045 3.5182 3.6180
154 0.729067 3.7980 3.9559 0.4901 3.5738 3.7843 3.5531 3.4794 3.4773 3.4902 3.5940
155 0.729335 3.7964 3.9401 0.4997 3.5485 3.7634 3.5286 3.4527 3.4489 3.4613 3.5699
156 0.729596 3.7947 3.9243 0.5091 3.5235 3.7431 3.5042 3.4258 3.4206 3.4314 3.5459
157 0.729842 3.7928 3.9072 0.5187 3.4978 3.7228 3.4798 3.3983 3.3914 3.4014 3.5211
158 0.730081 3.7908 3.8897 0.5281 3.4720 3.7033 3.4549 3.3702 3.3614 3.3707 3.4965
159 0.730308 3.7887 3.8717 0.5378 3.4457 3.6834 3.4297 3.3420 3.3312 3.3392 3.4718
160 0.730529 3.7867 3.8535 0.5475 3.4195 3.6643 3.4047 3.3135 3.3006 3.3074 3.4470
161 0.730741 3.7843 3.8345 0.5574 3.3931 3.6453 3.3795 3.2844 3.2695 3.2751 3.4221
162 0.730912 3.7822 3.8178 0.5658 3.3699 3.6289 3.3572 3.2592 3.2421 3.2467 3.4000
163 0.731090 3.7797 3.7999 0.5743 3.3457 3.6126 3.3345 3.2329 3.2135 3.2169 3.3777
164 0.731259 3.7773 3.7807 0.5831 3.3204 3.5969 3.3110 3.2044 3.1827 3.1844 3.3545
165 0.731427 3.7742 3.7600 0.5922 3.2955 3.5813 3.2875 3.1765 3.1521 3.1522 3.3314
166 0.731591 3.7710 3.7385 0.6016 3.2697 3.5653 3.2635 3.1479 3.1202 3.1185 3.3075
167 0.731759 3.7681 3.7172 0.6112 3.2426 3.5485 3.2380 3.1173 3.0872 3.0837 3.2823
168 0.731922 3.7654 3.6960 0.6214 3.2152 3.5309 3.2121 3.0869 3.0541 3.0489 3.2566
169 0.732081 3.7628 3.6753 0.6319 3.1869 3.5112 3.1860 3.0563 3.0210 3.0141 3.2303
170 0.732235 3.7606 3.6550 0.6431 3.1580 3.4897 3.1582 3.0252 2.9874 2.9791 3.2030
171 0.732385 3.7583 3.6343 0.6542 3.1281 3.4672 3.1296 2.9928 2.9530 2.9435 3.1745
172 0.732529 3.7559 3.6138 0.6662 3.0971 3.4435 3.0998 2.9598 2.9177 2.9072 3.1449
173 0.732670 3.7539 3.5936 0.6786 3.0650 3.4180 3.0689 2.9262 2.8822 2.8701 3.1144
174 0.732804 3.7521 3.5737 0.6914 3.0319 3.3913 3.0376 2.8913 2.8457 2.8322 3.0824
175 0.732936 3.7505 3.5537 0.7045 2.9979 3.3641 3.0044 2.8556 2.8084 2.7940 3.0501
176 0.733063 3.7490 3.5344 0.7179 2.9632 3.3353 2.9708 2.8193 2.7701 2.7549 3.0166
177 0.733182 3.7475 3.5152 0.7316 2.9282 3.3057 2.9368 2.7823 2.7323 2.7159 2.9825
178 0.733303 3.7464 3.4966 0.7452 2.8926 3.2751 2.9023 2.7457 2.6940 2.6770 2.9478
179 0.733419 3.7451 3.4780 0.7592 2.8571 3.2442 2.8672 2.7085 2.6559 2.6381 2.9133
180 0.733536 3.7439 3.4597 0.7731 2.8211 3.2124 2.8323 2.6717 2.6176 2.5994 2.8780
181 0.733649 3.7433 3.4417 0.7876 2.7852 3.1799 2.7969 2.6347 2.5796 2.5609 2.8430
182 0.733746 3.7421 3.4259 0.8003 2.7534 3.1510 2.7655 2.6020 2.5462 2.5268 2.8113
183 0.733845 3.7415 3.4098 0.8130 2.7211 3.1216 2.7338 2.5689 2.5127 2.4925 2.7799
184 0.733941 3.7407 3.3943 0.8258 2.6882 3.0913 2.7017 2.5357 2.4787 2.4580 2.7476
185 0.734038 3.7402 3.3781 0.8391 2.6554 3.0609 2.6697 2.5022 2.4445 2.4233 2.7156
186 0.734135 3.7395 3.3624 0.8522 2.6223 3.0300 2.6366 2.4685 2.4098 2.3883 2.6825
187 0.734229 3.7388 3.3467 0.8657 2.5886 2.9984 2.6036 2.4344 2.3751 2.3532 2.6496
188 0.734325 3.7379 3.3311 0.8789 2.5549 2.9666 2.5701 2.4002 2.3404 2.3181 2.6160
189 0.734420 3.7378 3.3152 0.8927 2.5209 2.9344 2.5365 2.3657 2.3051 2.2826 2.5825
190 0.734515 3.7370 3.2993 0.9063 2.4864 2.9018 2.5022 2.3307 2.2698 2.2468 2.5484
191 0.734607 3.7367 3.2836 0.9201 2.4518 2.8688 2.4680 2.2954 2.2342 2.2109 2.5142
192 0.734701 3.7359 3.2674 0.9340 2.4165 2.8355 2.4336 2.2599 2.1982 2.1745 2.4795
193 0.734794 3.7354 3.2514 0.9483 2.3812 2.8015 2.3983 2.2244 2.1622 2.1379 2.4443
194 0.734887 3.7351 3.2354 0.9626 2.3458 2.7673 2.3631 2.1884 2.1255 2.1008 2.4090
195 0.734982 3.7346 3.2190 0.9769 2.3095 2.7328 2.3273 2.1519 2.0887 2.0637 2.3730
196 0.735074 3.7342 3.2028 0.9914 2.2731 2.6979 2.2914 2.1153 2.0514 2.0263 2.3373
197 0.735166 3.7337 3.1866 1.0058 2.2366 2.6631 2.2554 2.0787 2.0146 1.9889 2.3013
198 0.735257 3.7333 3.1704 1.0205 2.2001 2.6274 2.2189 2.0415 1.9767 1.9512 2.2645
199 0.735347 3.7328 3.1538 1.0357 2.1629 2.5916 2.1817 2.0037 1.9390 1.9127 2.2277
200 0.735439 3.7324 3.1371 1.0503 2.1250 2.5549 2.1442 1.9658 1.9002 1.8738 2.1904
201 0.735527 3.7320 3.1202 1.0660 2.0868 2.5182 2.1063 1.9272 1.8612 1.8345 2.1521
202 0.735614 3.7315 3.1031 1.0815 2.0480 2.4808 2.0678 1.8879 1.8217 1.7947 2.1137
203 0.735703 3.7312 3.0860 1.0968 2.0095 2.4436 2.0299 1.8496 1.7830 1.7557 2.0757
204 0.735793 3.7310 3.0688 1.1125 1.9706 2.4059 1.9911 1.8102 1.7432 1.7153 2.0369
205 0.735881 3.7303 3.0515 1.1285 1.9306 2.3672 1.9515 1.7701 1.7027 1.6745 1.9974
206 0.735965 3.7299 3.0336 1.1448 1.8897 2.3279 1.9107 1.7291 1.6611 1.6326 1.9570
207 0.736045 3.7295 3.0152 1.1611 1.8487 2.2877 1.8702 1.6873 1.6188 1.5905 1.9158
208 0.736124 3.7290 2.9968 1.1782 1.8063 2.2472 1.8279 1.6448 1.5761 1.5472 1.8740
209 0.736208 3.7286 2.9778 1.1951 1.7638 2.2059 1.7857 1.6016 1.5327 1.5030 1.8313
210 0.736284 3.7283 2.9585 1.2125 1.7203 2.1640 1.7426 1.5577 1.4880 1.4585 1.7882
211 0.736358 3.7275 2.9387 1.2302 1.6762 2.1221 1.6987 1.5129 1.4429 1.4130 1.7448
212 0.736431 3.7270 2.9191 1.2478 1.6316 2.0797 1.6550 1.4681 1.3973 1.3670 1.7006
213 0.736505 3.7264 2.8986 1.2661 1.5865 2.0364 1.6103 1.4227 1.3514 1.3204 1.6559
214 0.736573 3.7259 2.8785 1.2839 1.5408 1.9927 1.5648 1.3766 1.3045 1.2734 1.6109
215 0.736639 3.7253 2.8578 1.3026 1.4947 1.9490 1.5196 1.3297 1.2575 1.2260 1.5652
216 0.736707 3.7248 2.8369 1.3210 1.4481 1.9048 1.4732 1.2828 1.2098 1.1776 1.5193
217 0.736720 3.7246 2.8324 1.3253 1.4377 1.8950 1.4627 1.2723 1.1989 1.1669 1.5088
218 0.736734 3.7245 2.8273 1.3295 1.4274 1.8849 1.4524 1.2616 1.1880 1.1561 1.4985
219 0.736752 3.7243 2.8228 1.3335 1.4169 1.8747 1.4423 1.2510 1.1773 1.1453 1.4879
220 0.736765 3.7242 2.8180 1.3378 1.4061 1.8644 1.4314 1.2399 1.1666 1.1342 1.4773
221 0.736778 3.7241 2.8135 1.3421 1.3956 1.8543 1.4209 1.2292 1.1558 1.1234 1.4668
222 0.736794 3.7240 2.8086 1.3465 1.3848 1.8443 1.4102 1.2185 1.1447 1.1121 1.4560
223 0.736810 3.7236 2.8038 1.3508 1.3739 1.8339 1.3997 1.2075 1.1340 1.1009 1.4455
224 0.736825 3.7237 2.7989 1.3549 1.3632 1.8237 1.3888 1.1967 1.1228 1.0898 1.4347
225 0.736837 3.7236 2.7942 1.3593 1.3522 1.8135 1.3782 1.1858 1.1115 1.0787 1.4243
226 0.736850 3.7234 2.7890 1.3637 1.3414 1.8028 1.3675 1.1746 1.1002 1.0673 1.4131
227 0.736989 3.7221 2.7404 1.4073 1.2326 1.6997 1.2598 1.0648 0.9884 0.9548 1.3055
228 0.737108 3.7207 2.6927 1.4495 1.1267 1.5996 1.1548 0.9573 0.8802 0.8450 1.2007
229 0.737221 3.7196 2.6450 1.4919 1.0203 1.4986 1.0497 0.8497 0.7712 0.7350 1.0957
230 0.737334 3.7181 2.5920 1.5389 0.9034 1.3884 0.9341 0.7311 0.6504 0.6137 0.9801
231 0.737431 3.7164 2.5414 1.5840 0.7906 1.2818 0.8226 0.6169 0.5346 0.4968 0.8683
232 0.737518 3.7152 2.4920 1.6272 0.6827 1.1803 0.7154 0.5070 0.4239 0.3844 0.7616
233 0.737603 3.7131 2.4406 1.6723 0.5698 1.0746 0.6046 0.3934 0.3080 0.2671 0.6506
234 0.737680 3.7117 2.3895 1.7169 0.4593 0.9708 0.4949 0.2809 0.1938 0.1519 0.5411
235 0.737748 3.7103 2.3391 1.7605 0.3504 0.8694 0.3877 0.1705 0.0815 0.0384 0.4337
236 0.737814 3.7084 2.2885 1.8046 0.2405 0.7672 0.2791 0.0587 -0.0321 -0.0766 0.3254
237 0.737871 3.7067 2.2383 1.8479 0.1325 0.6670 0.1728 -0.0511 -0.1438 -0.1893 0.2186
238 0.737925 3.7050 2.1879 1.8914 0.0238 0.5666 0.0660 -0.1613 -0.2559 -0.3029 0.1118
239 0.737974 3.7034 2.1388 1.9339 -0.0817 0.4696 -0.0383 -0.2689 -0.3654 -0.4138 0.0078
240 0.738019 3.7017 2.0895 1.9764 -0.1876 0.3723 -0.1426 -0.3764 -0.4751 -0.5245 -0.0965
241 0.738055 3.7000 2.0421 2.0175 -0.2897 0.2792 -0.2428 -0.4804 -0.5808 -0.6316 -0.1967
242 0.738094 3.6982 1.9978 2.0557 -0.3846 0.1925 -0.3364 -0.5774 -0.6794 -0.7315 -0.2905
243 0.738132 3.6971 1.9603 2.0880 -0.4651 0.1194 -0.4155 -0.6591 -0.7629 -0.8158 -0.3691
244 0.738162 3.6965 1.9373 2.1084 -0.5158 0.0727 -0.4656 -0.7111 -0.8155 -0.8690 -0.4194
245 0.738196 3.6950 1.8956 2.1438 -0.6034 -0.0066 -0.5519 -0.8004 -0.9069 -0.9616 -0.5057
246 0.738225 3.6929 1.8438 2.1877 -0.7123 -0.1039 -0.6583 -0.9113 -1.0206 -1.0767 -0.6121
247 0.738251 3.6911 1.7974 2.2271 -0.8091 -0.1905 -0.7532 -1.0103 -1.1218 -1.1794 -0.7070
248 0.738273 3.6898 1.7595 2.2594 -0.8884 -0.2607 -0.8308 -1.0911 -1.2044 -1.2632 -0.7849
249 0.738296 3.6887 1.7290 2.2852 -0.9521 -0.3177 -0.8929 -1.1562 -1.2707 -1.3305 -0.8470
250 0.738317 3.6869 1.6823 2.3249 -1.0493 -0.4039 -0.9885 -1.2558 -1.3724 -1.4338 -0.9422
251 0.738341 3.6850 1.6324 2.3673 -1.1528 -0.4953 -1.0898 -1.3613 -1.4812 -1.5442 -1.0435
252 0.738357 3.6831 1.5844 2.4079 -1.2522 -0.5824 -1.1866 -1.4632 -1.5852 -1.6497 -1.1410
253 0.738376 3.6813 1.5380 2.4468 -1.3481 -0.6661 -1.2800 -1.5614 -1.6858 -1.7517 -1.2344
254 0.738390 3.6794 1.4916 2.4860 -1.4431 -0.7478 -1.3729 -1.6586 -1.7858 -1.8538 -1.3269
255 0.738405 3.6776 1.4461 2.5239 -1.5359 -0.8274 -1.4632 -1.7543 -1.8835 -1.9531 -1.4178
256 0.738416 3.6757 1.4013 2.5613 -1.6262 -0.9040 -1.5509 -1.8471 -1.9794 -2.0502 -1.5057
257 0.738430 3.6738 1.3577 2.5977 -1.7150 -0.9785 -1.6371 -1.9385 -2.0732 -2.1461 -1.5918
258 0.738443 3.6720 1.3145 2.6331 -1.8013 -1.0498 -1.7207 -2.0274 -2.1650 -2.2393 -1.6756
259 0.738453 3.6702 1.2721 2.6684 -1.8866 -1.1200 -1.8029 -2.1151 -2.2554 -2.3313 -1.7581
260 0.738461 3.6682 1.2307 2.7024 -1.9691 -1.1876 -1.8828 -2.2001 -2.3431 -2.4209 -1.8383
261 0.738468 3.6664 1.1905 2.7359 -2.0498 -1.2532 -1.9607 -2.2834 -2.4293 -2.5083 -1.9165
262 0.738477 3.6649 1.1508 2.7688 -2.1281 -1.3165 -2.0355 -2.3639 -2.5125 -2.5933 -1.9919
263 0.738485 3.6632 1.1111 2.8013 -2.2058 -1.3794 -2.1105 -2.4446 -2.5954 -2.6781 -2.0670
264 0.738490 3.6615 1.0730 2.8329 -2.2813 -1.4396 -2.1830 -2.5223 -2.6760 -2.7603 -2.1402
265 0.738499 3.6598 1.0355 2.8635 -2.3548 -1.4972 -2.2531 -2.5979 -2.7546 -2.8406 -2.2108
266 0.738503 3.6584 0.9985 2.8942 -2.4267 -1.5533 -2.3217 -2.6725 -2.8320 -2.9194 -2.2802
267 0.738508 3.6565 0.9618 2.9239 -2.4969 -1.6076 -2.3887 -2.7454 -2.9075 -2.9968 -2.3477
268 0.738513 3.6551 0.9260 2.9531 -2.5655 -1.6597 -2.4539 -2.8164 -2.9813 -3.0721 -2.4135
269 0.738520 3.6532 0.8908 2.9816 -2.6324 -1.7097 -2.5172 -2.8855 -3.0536 -3.1462 -2.4773
270 0.738526 3.6515 0.8561 3.0096 -2.6977 -1.7581 -2.5787 -2.9533 -3.1244 -3.2186 -2.5397
271 0.738530 3.6498 0.8220 3.0374 -2.7619 -1.8052 -2.6392 -3.0201 -3.1942 -3.2902 -2.6010
272 0.738533 3.6482 0.7886 3.0643 -2.8247 -1.8503 -2.6983 -3.0848 -3.2621 -3.3601 -2.6606
273 0.738536 3.6466 0.7558 3.0906 -2.8862 -1.8946 -2.7559 -3.1486 -3.3289 -3.4280 -2.7191
274 0.738539 3.6451 0.7235 3.1167 -2.9460 -1.9371 -2.8119 -3.2107 -3.3940 -3.4950 -2.7760
275 0.738546 3.6436 0.6924 3.1420 -3.0044 -1.9786 -2.8664 -3.2716 -3.4575 -3.5603 -2.8317
276 0.738546 3.6421 0.6618 3.1667 -3.0611 -2.0182 -2.9195 -3.3307 -3.5196 -3.6240 -2.8858
277 0.738550 3.6407 0.6318 3.1910 -3.1168 -2.0564 -2.9711 -3.3880 -3.5798 -3.6863 -2.9383
278 0.738554 3.6393 0.6031 3.2145 -3.1701 -2.0933 -3.0205 -3.4436 -3.6387 -3.7460 -2.9888
279 0.738553 3.6384 0.5766 3.2372 -3.2238 -2.1335 -3.0715 -3.4993 -3.6960 -3.8047 -3.0404
