#AGE=12.000 EEPS=267
#EEP M/Mo LogTeff LogG LogL/Lo open gp1 rp1 ip1 zp1 yp1 wp1
13 0.107702 3.5478 5.3634 -2.7486 11.8230 13.5895 12.1879 11.4892 11.1763 11.0089 12.1277
14 0.117580 3.5568 5.3186 -2.6297 11.5147 13.1932 11.8352 11.1886 10.8935 10.7305 11.8001
15 0.128715 3.5659 5.2736 -2.5091 11.2011 12.7928 11.4855 10.8822 10.6032 10.4454 11.4693
16 0.140978 3.5742 5.2324 -2.3951 10.9044 12.4161 11.1621 10.5922 10.3263 10.1739 11.1586
17 0.153493 3.5810 5.1988 -2.2977 10.6514 12.0980 10.8906 10.3447 10.0885 9.9409 10.8948
18 0.165407 3.5861 5.1724 -2.2184 10.4458 11.8437 10.6725 10.1432 9.8940 9.7502 10.6814
19 0.176920 3.5902 5.1500 -2.1503 10.2693 11.6284 10.4867 9.9701 9.7265 9.5860 10.4990
20 0.188886 3.5939 5.1288 -2.0860 10.1030 11.4274 10.3125 9.8070 9.5682 9.4305 10.3273
21 0.203456 3.5978 5.1056 -2.0151 9.9196 11.2077 10.1210 9.6269 9.3932 9.2587 10.1384
22 0.222424 3.6022 5.0793 -1.9331 9.7079 10.9558 9.9007 9.4189 9.1907 9.0599 9.9206
23 0.242584 3.6063 5.0552 -1.8548 9.5057 10.7170 9.6910 9.2201 8.9972 8.8698 9.7127
24 0.263532 3.6101 5.0335 -1.7814 9.3162 10.4959 9.4951 9.0337 8.8157 8.6915 9.5182
25 0.284082 3.6135 5.0170 -1.7184 9.1528 10.3058 9.3259 8.8731 8.6594 8.5382 9.3505
26 0.301172 3.6160 5.0061 -1.6718 9.0316 10.1647 9.2002 8.7539 8.5436 8.4247 9.2259
27 0.312242 3.6175 5.0004 -1.6446 8.9606 10.0820 9.1265 8.6841 8.4759 8.3582 9.1528
28 0.319271 3.6184 4.9980 -1.6291 8.9203 10.0353 9.0848 8.6446 8.4375 8.3206 9.1115
29 0.324244 3.6191 4.9953 -1.6168 8.8882 9.9975 9.0514 8.6131 8.4070 8.2908 9.0784
30 0.328713 3.6197 4.9922 -1.6053 8.8582 9.9625 9.0202 8.5835 8.3783 8.2627 9.0474
31 0.333858 3.6205 4.9905 -1.5938 8.8280 9.9267 8.9887 8.5540 8.3498 8.2349 9.0162
32 0.340723 3.6216 4.9854 -1.5758 8.7810 9.8717 8.9399 8.5079 8.3052 8.1912 8.9679
33 0.349026 3.6230 4.9798 -1.5544 8.7246 9.8049 8.8811 8.4527 8.2520 8.1394 8.9095
34 0.357985 3.6248 4.9728 -1.5299 8.6601 9.7282 8.8137 8.3897 8.1913 8.0802 8.8428
35 0.367062 3.6267 4.9651 -1.5041 8.5922 9.6471 8.7428 8.3234 8.1276 8.0183 8.7726
36 0.376069 3.6287 4.9570 -1.4779 8.5232 9.5645 8.6706 8.2560 8.0631 7.9554 8.7011
37 0.385121 3.6308 4.9487 -1.4515 8.4537 9.4813 8.5979 8.1882 7.9979 7.8920 8.6291
38 0.394950 3.6328 4.9397 -1.4232 8.3791 9.3927 8.5201 8.1154 7.9279 7.8238 8.5519
39 0.429131 3.6405 4.9017 -1.3162 8.0973 9.0521 8.2249 7.8402 7.6632 7.5658 8.2599
40 0.436490 3.6427 4.8931 -1.2913 8.0311 8.9706 8.1551 7.7760 7.6020 7.5066 8.1910
41 0.443685 3.6449 4.8826 -1.2647 7.9604 8.8841 8.0806 7.7073 7.5365 7.4431 8.1174
42 0.451731 3.6476 4.8712 -1.2348 7.8810 8.7862 7.9968 7.6303 7.4632 7.3721 8.0346
43 0.460032 3.6506 4.8596 -1.2033 7.7972 8.6821 7.9081 7.5492 7.3863 7.2977 7.9469
44 0.468498 3.6540 4.8479 -1.1700 7.7081 8.5703 7.8137 7.4632 7.3049 7.2193 7.8536
45 0.476861 3.6577 4.8368 -1.1365 7.6184 8.4563 7.7182 7.3770 7.2237 7.1411 7.7593
46 0.484919 3.6615 4.8266 -1.1037 7.5307 8.3442 7.6250 7.2929 7.1447 7.0654 7.6670
47 0.492780 3.6653 4.8168 -1.0718 7.4450 8.2345 7.5337 7.2109 7.0679 6.9918 7.5769
48 0.500527 3.6691 4.8075 -1.0402 7.3609 8.1268 7.4443 7.1306 6.9927 6.9198 7.4883
49 0.508263 3.6731 4.7984 -1.0085 7.2763 8.0185 7.3543 7.0499 6.9173 6.8477 7.3991
50 0.516250 3.6776 4.7894 -0.9751 7.1876 7.9043 7.2599 6.9655 6.8386 6.7727 7.3055
51 0.524700 3.6825 4.7805 -0.9393 7.0928 7.7818 7.1590 6.8756 6.7550 6.6931 7.2054
52 0.529693 3.6856 4.7754 -0.9179 7.0365 7.7093 7.0992 6.8223 6.7054 6.6460 7.1460
53 0.534666 3.6886 4.7704 -0.8965 6.9806 7.6376 7.0399 6.7694 6.6560 6.5991 7.0871
54 0.539616 3.6917 4.7655 -0.8752 6.9251 7.5664 6.9811 6.7168 6.6071 6.5526 7.0285
55 0.544546 3.6948 4.7606 -0.8540 6.8702 7.4962 6.9229 6.6649 6.5588 6.5066 6.9706
56 0.549456 3.6978 4.7556 -0.8330 6.8159 7.4270 6.8654 6.6135 6.5109 6.4612 6.9134
57 0.554370 3.7009 4.7505 -0.8120 6.7620 7.3588 6.8086 6.5626 6.4633 6.4159 6.8568
58 0.559311 3.7039 4.7453 -0.7908 6.7080 7.2907 6.7518 6.5116 6.4156 6.3705 6.8001
59 0.564266 3.7069 4.7402 -0.7695 6.6541 7.2225 6.6949 6.4606 6.3680 6.3253 6.7434
60 0.569226 3.7100 4.7348 -0.7482 6.6004 7.1546 6.6383 6.4099 6.3207 6.2803 6.6869
61 0.574167 3.7131 4.7296 -0.7269 6.5469 7.0871 6.5821 6.3596 6.2737 6.2356 6.6308
62 0.579069 3.7161 4.7243 -0.7059 6.4942 7.0209 6.5267 6.3099 6.2273 6.1914 6.5754
63 0.583911 3.7191 4.7190 -0.6849 6.4422 6.9556 6.4721 6.2609 6.1815 6.1479 6.5209
64 0.588666 3.7220 4.7135 -0.6644 6.3915 6.8921 6.4190 6.2131 6.1367 6.1051 6.4677
65 0.593310 3.7248 4.7083 -0.6442 6.3418 6.8301 6.3669 6.1663 6.0930 6.0634 6.4156
66 0.597802 3.7276 4.7029 -0.6246 6.2937 6.7708 6.3168 6.1210 6.0504 6.0228 6.3654
67 0.602134 3.7303 4.6977 -0.6056 6.2471 6.7132 6.2681 6.0770 6.0091 5.9833 6.3166
68 0.606317 3.7328 4.6925 -0.5872 6.2021 6.6582 6.2212 6.0344 5.9690 5.9450 6.2696
69 0.610362 3.7354 4.6874 -0.5691 6.1581 6.6043 6.1753 5.9929 5.9301 5.9077 6.2237
70 0.614283 3.7377 4.6822 -0.5515 6.1156 6.5524 6.1311 5.9527 5.8922 5.8715 6.1793
71 0.618090 3.7401 4.6771 -0.5343 6.0739 6.5014 6.0877 5.9134 5.8553 5.8362 6.1358
72 0.621805 3.7424 4.6719 -0.5175 6.0333 6.4518 6.0455 5.8751 5.8193 5.8017 6.0935
73 0.625431 3.7447 4.6669 -0.5008 5.9933 6.4030 6.0039 5.8375 5.7839 5.7678 6.0518
74 0.628990 3.7468 4.6617 -0.4845 5.9542 6.3556 5.9632 5.8006 5.7491 5.7345 6.0111
75 0.632494 3.7490 4.6566 -0.4683 5.9155 6.3089 5.9231 5.7641 5.7146 5.7014 5.9708
76 0.635961 3.7511 4.6514 -0.4524 5.8773 6.2627 5.8834 5.7279 5.6806 5.6687 5.9310
77 0.639400 3.7531 4.6462 -0.4365 5.8394 6.2171 5.8442 5.6923 5.6469 5.6364 5.8916
78 0.642826 3.7552 4.6409 -0.4207 5.8019 6.1716 5.8053 5.6569 5.6135 5.6043 5.8526
79 0.646251 3.7572 4.6356 -0.4050 5.7646 6.1264 5.7666 5.6219 5.5805 5.5726 5.8137
80 0.649686 3.7592 4.6301 -0.3892 5.7273 6.0812 5.7280 5.5868 5.5475 5.5409 5.7749
81 0.653166 3.7612 4.6246 -0.3733 5.6898 6.0359 5.6892 5.5516 5.5143 5.5088 5.7359
82 0.658345 3.7642 4.6162 -0.3498 5.6341 5.9695 5.6317 5.4990 5.4646 5.4609 5.6781
83 0.663647 3.7671 4.6075 -0.3257 5.5771 5.9021 5.5728 5.4450 5.4133 5.4114 5.6190
84 0.669013 3.7701 4.5985 -0.3014 5.5193 5.8343 5.5134 5.3902 5.3612 5.3611 5.5593
85 0.674379 3.7730 4.5892 -0.2769 5.4613 5.7665 5.4538 5.3352 5.3089 5.3105 5.4993
86 0.679683 3.7759 4.5798 -0.2525 5.4036 5.6991 5.3945 5.2805 5.2568 5.2602 5.4397
87 0.684864 3.7788 4.5704 -0.2285 5.3467 5.6328 5.3360 5.2264 5.2054 5.2104 5.3809
88 0.689859 3.7815 4.5610 -0.2048 5.2908 5.5677 5.2786 5.1734 5.1550 5.1615 5.3232
89 0.694610 3.7842 4.5515 -0.1818 5.2366 5.5047 5.2229 5.1220 5.1060 5.1139 5.2672
90 0.699112 3.7867 4.5419 -0.1593 5.1835 5.4432 5.1685 5.0716 5.0579 5.0673 5.2125
91 0.703399 3.7892 4.5324 -0.1372 5.1313 5.3829 5.1150 5.0220 5.0107 5.0214 5.1587
92 0.707486 3.7915 4.5227 -0.1155 5.0800 5.3240 5.0625 4.9733 4.9642 4.9760 5.1059
93 0.711388 3.7938 4.5128 -0.0941 5.0292 5.2658 5.0105 4.9248 4.9178 4.9309 5.0535
94 0.715124 3.7961 4.5028 -0.0728 4.9788 5.2084 4.9590 4.8768 4.8718 4.8861 5.0018
95 0.718717 3.7982 4.4925 -0.0517 4.9289 5.1515 4.9081 4.8293 4.8263 4.8416 4.9505
96 0.722185 3.8003 4.4818 -0.0307 4.8794 5.0946 4.8576 4.7824 4.7815 4.7977 4.8996
97 0.725551 3.8023 4.4709 -0.0097 4.8302 5.0382 4.8074 4.7358 4.7367 4.7539 4.8491
98 0.728831 3.8042 4.4595 0.0114 4.7806 4.9815 4.7569 4.6887 4.6916 4.7096 4.7981
99 0.732036 3.8061 4.4479 0.0326 4.7303 4.9248 4.7057 4.6407 4.6454 4.6641 4.7466
100 0.735189 3.8080 4.4358 0.0540 4.6794 4.8678 4.6538 4.5918 4.5983 4.6179 4.6944
101 0.738309 3.8098 4.4232 0.0754 4.6276 4.8104 4.6012 4.5421 4.5503 4.5706 4.6415
102 0.741409 3.8115 4.4102 0.0971 4.5751 4.7526 4.5478 4.4915 4.5013 4.5224 4.5879
103 0.744500 3.8132 4.3966 0.1191 4.5219 4.6942 4.4939 4.4401 4.4515 4.4733 4.5337
104 0.747599 3.8147 4.3826 0.1413 4.4679 4.6353 4.4391 4.3880 4.4008 4.4232 4.4787
105 0.750715 3.8163 4.3679 0.1638 4.4131 4.5758 4.3838 4.3351 4.3493 4.3723 4.4231
106 0.753914 3.8177 4.3526 0.1867 4.3575 4.5155 4.3275 4.2812 4.2968 4.3203 4.3665
107 0.757245 3.8190 4.3366 0.2101 4.3005 4.4538 4.2699 4.2260 4.2430 4.2669 4.3086
108 0.760653 3.8203 4.3199 0.2339 4.2426 4.3913 4.2114 4.1699 4.1881 4.2124 4.2498
109 0.764085 3.8216 4.3028 0.2578 4.1841 4.3285 4.1524 4.1130 4.1324 4.1571 4.1905
110 0.767494 3.8227 4.2853 0.2818 4.1253 4.2656 4.0932 4.0559 4.0765 4.1014 4.1309
111 0.770832 3.8238 4.2679 0.3057 4.0667 4.2029 4.0341 3.9989 4.0205 4.0457 4.0716
112 0.771762 3.8241 4.2630 0.3124 4.0502 4.1853 4.0174 3.9829 4.0048 4.0301 4.0548
113 0.772688 3.8245 4.2581 0.3192 4.0336 4.1675 4.0006 3.9667 3.9889 4.0144 4.0380
114 0.773610 3.8248 4.2533 0.3259 4.0171 4.1498 3.9840 3.9508 3.9733 3.9988 4.0214
115 0.774528 3.8252 4.2485 0.3326 4.0006 4.1322 3.9673 3.9347 3.9575 3.9831 4.0046
116 0.775440 3.8255 4.2435 0.3394 3.9839 4.1143 3.9505 3.9185 3.9417 3.9674 3.9877
117 0.776345 3.8258 4.2386 0.3461 3.9674 4.0966 3.9338 3.9023 3.9259 3.9516 3.9709
118 0.777241 3.8262 4.2336 0.3529 3.9506 4.0787 3.9169 3.8861 3.9099 3.9358 3.9540
119 0.778127 3.8265 4.2287 0.3598 3.9336 4.0606 3.8997 3.8696 3.8937 3.9197 3.9367
120 0.779002 3.8268 4.2235 0.3667 3.9167 4.0425 3.8827 3.8531 3.8775 3.9036 3.9196
121 0.779866 3.8272 4.2184 0.3737 3.8996 4.0242 3.8655 3.8364 3.8612 3.8873 3.9022
122 0.780717 3.8275 4.2133 0.3807 3.8823 4.0058 3.8480 3.8196 3.8448 3.8709 3.8848
123 0.781556 3.8278 4.2081 0.3877 3.8650 3.9873 3.8305 3.8028 3.8282 3.8545 3.8672
124 0.782383 3.8282 4.2029 0.3948 3.8475 3.9687 3.8129 3.7858 3.8116 3.8380 3.8495
125 0.783198 3.8285 4.1975 0.4018 3.8300 3.9501 3.7952 3.7687 3.7949 3.8213 3.8318
126 0.784001 3.8288 4.1920 0.4090 3.8124 3.9314 3.7774 3.7514 3.7779 3.8044 3.8139
127 0.784789 3.8291 4.1863 0.4161 3.7946 3.9127 3.7595 3.7340 3.7608 3.7873 3.7959
128 0.785564 3.8293 4.1803 0.4233 3.7766 3.8940 3.7415 3.7164 3.7433 3.7699 3.7779
129 0.786323 3.8295 4.1741 0.4305 3.7585 3.8752 3.7233 3.6986 3.7257 3.7522 3.7596
130 0.787068 3.8296 4.1677 0.4379 3.7402 3.8564 3.7049 3.6805 3.7078 3.7343 3.7413
131 0.787797 3.8297 4.1611 0.4452 3.7218 3.8375 3.6865 3.6623 3.6897 3.7161 3.7228
132 0.788511 3.8297 4.1544 0.4526 3.7032 3.8186 3.6679 3.6440 3.6714 3.6978 3.7041
133 0.789209 3.8298 4.1474 0.4600 3.6846 3.7996 3.6492 3.6254 3.6529 3.6792 3.6854
134 0.789891 3.8297 4.1402 0.4675 3.6657 3.7806 3.6304 3.6067 3.6341 3.6604 3.6666
135 0.790557 3.8297 4.1329 0.4750 3.6468 3.7615 3.6114 3.5877 3.6152 3.6413 3.6475
136 0.791206 3.8296 4.1253 0.4826 3.6276 3.7424 3.5923 3.5686 3.5960 3.6221 3.6285
137 0.791838 3.8294 4.1174 0.4902 3.6083 3.7233 3.5731 3.5493 3.5765 3.6025 3.6092
138 0.792454 3.8292 4.1093 0.4979 3.5889 3.7042 3.5538 3.5297 3.5568 3.5827 3.5899
139 0.793052 3.8290 4.1010 0.5055 3.5692 3.6851 3.5343 3.5099 3.5367 3.5625 3.5704
140 0.793634 3.8287 4.0922 0.5133 3.5495 3.6659 3.5146 3.4899 3.5165 3.5420 3.5508
141 0.794200 3.8283 4.0833 0.5211 3.5295 3.6467 3.4948 3.4697 3.4959 3.5212 3.5310
142 0.794754 3.8278 4.0741 0.5289 3.5094 3.6276 3.4749 3.4492 3.4751 3.5002 3.5111
143 0.795296 3.8274 4.0645 0.5368 3.4891 3.6083 3.4548 3.4284 3.4539 3.4788 3.4910
144 0.795826 3.8268 4.0547 0.5448 3.4686 3.5891 3.4345 3.4075 3.4324 3.4569 3.4708
145 0.796342 3.8262 4.0444 0.5529 3.4478 3.5699 3.4140 3.3861 3.4105 3.4347 3.4504
146 0.796846 3.8255 4.0338 0.5609 3.4269 3.5507 3.3934 3.3645 3.3882 3.4121 3.4298
147 0.797337 3.8247 4.0228 0.5691 3.4056 3.5315 3.3725 3.3425 3.3655 3.3891 3.4090
148 0.797813 3.8239 4.0113 0.5772 3.3841 3.5123 3.3514 3.3201 3.3423 3.3654 3.3880
149 0.798277 3.8229 3.9995 0.5854 3.3622 3.4933 3.3299 3.2971 3.3184 3.3412 3.3667
150 0.798726 3.8218 3.9871 0.5938 3.3398 3.4743 3.3079 3.2733 3.2936 3.3160 3.3449
151 0.799160 3.8206 3.9743 0.6021 3.3169 3.4554 3.2855 3.2489 3.2680 3.2900 3.3228
152 0.799581 3.8193 3.9608 0.6104 3.2937 3.4368 3.2628 3.2240 3.2418 3.2635 3.3005
153 0.799987 3.8179 3.9470 0.6188 3.2704 3.4182 3.2400 3.1988 3.2152 3.2364 3.2781
154 0.800379 3.8163 3.9325 0.6273 3.2470 3.3999 3.2174 3.1735 3.1885 3.2091 3.2557
155 0.800755 3.8146 3.9175 0.6358 3.2239 3.3819 3.1950 3.1486 3.1619 3.1819 3.2336
156 0.801117 3.8128 3.9018 0.6442 3.2010 3.3640 3.1729 3.1237 3.1354 3.1545 3.2118
157 0.801465 3.8108 3.8856 0.6527 3.1780 3.3465 3.1509 3.0987 3.1086 3.1268 3.1899
158 0.801799 3.8087 3.8689 0.6612 3.1549 3.3294 3.1288 3.0734 3.0813 3.0985 3.1681
159 0.802118 3.8064 3.8515 0.6697 3.1316 3.3126 3.1066 3.0478 3.0536 3.0697 3.1461
160 0.802424 3.8040 3.8334 0.6782 3.1082 3.2962 3.0845 3.0219 3.0255 3.0404 3.1243
161 0.802717 3.8014 3.8148 0.6867 3.0849 3.2803 3.0624 2.9960 2.9970 3.0108 3.1025
162 0.802947 3.7992 3.7993 0.6935 3.0658 3.2676 3.0444 2.9747 2.9737 2.9864 3.0848
163 0.803174 3.7968 3.7830 0.7005 3.0464 3.2551 3.0262 2.9529 2.9497 2.9612 3.0668
164 0.803398 3.7944 3.7661 0.7077 3.0265 3.2426 3.0076 2.9304 2.9250 2.9352 3.0484
165 0.803619 3.7917 3.7483 0.7149 3.0059 3.2305 2.9884 2.9069 2.8990 2.9079 3.0296
166 0.803835 3.7888 3.7294 0.7222 2.9845 3.2190 2.9686 2.8822 2.8715 2.8789 3.0102
167 0.804049 3.7855 3.7091 0.7295 2.9628 3.2082 2.9485 2.8567 2.8429 2.8487 2.9906
168 0.804260 3.7821 3.6883 0.7369 2.9409 3.1976 2.9285 2.8312 2.8143 2.8184 2.9710
169 0.804467 3.7786 3.6668 0.7443 2.9191 3.1873 2.9085 2.8056 2.7854 2.7876 2.9514
170 0.804672 3.7748 3.6444 0.7519 2.8971 3.1777 2.8886 2.7797 2.7559 2.7560 2.9319
171 0.804873 3.7713 3.6225 0.7596 2.8746 3.1675 2.8683 2.7536 2.7263 2.7244 2.9120
172 0.805072 3.7681 3.6017 0.7677 2.8521 3.1558 2.8476 2.7277 2.6974 2.6936 2.8916
173 0.805266 3.7651 3.5815 0.7760 2.8291 3.1427 2.8265 2.7017 2.6686 2.6630 2.8707
174 0.805453 3.7623 3.5617 0.7847 2.8055 3.1284 2.8046 2.6754 2.6396 2.6324 2.8490
175 0.805632 3.7597 3.5425 0.7937 2.7812 3.1126 2.7818 2.6486 2.6103 2.6016 2.8264
176 0.805802 3.7574 3.5238 0.8032 2.7562 3.0953 2.7583 2.6214 2.5809 2.5707 2.8030
177 0.805963 3.7552 3.5057 0.8130 2.7305 3.0767 2.7339 2.5937 2.5511 2.5396 2.7787
178 0.806116 3.7534 3.4882 0.8230 2.7041 3.0569 2.7087 2.5654 2.5211 2.5083 2.7536
179 0.806262 3.7517 3.4712 0.8334 2.6771 3.0362 2.6827 2.5366 2.4905 2.4768 2.7279
180 0.806402 3.7501 3.4546 0.8439 2.6497 3.0149 2.6565 2.5076 2.4599 2.4453 2.7017
181 0.806536 3.7488 3.4386 0.8544 2.6220 2.9926 2.6298 2.4784 2.4294 2.4138 2.6751
182 0.806680 3.7475 3.4214 0.8666 2.5909 2.9667 2.5995 2.4457 2.3953 2.3790 2.6450
183 0.806822 3.7463 3.4042 0.8789 2.5590 2.9397 2.5686 2.4126 2.3610 2.3439 2.6141
184 0.806962 3.7451 3.3872 0.8916 2.5267 2.9115 2.5371 2.3791 2.3263 2.3086 2.5826
185 0.807101 3.7442 3.3704 0.9045 2.4938 2.8824 2.5049 2.3452 2.2915 2.2731 2.5505
186 0.807238 3.7432 3.3536 0.9175 2.4608 2.8529 2.4725 2.3113 2.2565 2.2375 2.5182
187 0.807374 3.7423 3.3370 0.9308 2.4274 2.8226 2.4397 2.2769 2.2214 2.2018 2.4853
188 0.807510 3.7415 3.3206 0.9441 2.3937 2.7917 2.4065 2.2426 2.1862 2.1660 2.4523
189 0.807644 3.7408 3.3042 0.9575 2.3599 2.7605 2.3732 2.2081 2.1510 2.1303 2.4190
190 0.807778 3.7401 3.2879 0.9711 2.3259 2.7288 2.3397 2.1734 2.1157 2.0945 2.3855
191 0.807911 3.7394 3.2717 0.9846 2.2916 2.6970 2.3059 2.1387 2.0802 2.0587 2.3518
192 0.808043 3.7388 3.2557 0.9982 2.2575 2.6648 2.2722 2.1039 2.0449 2.0229 2.3179
193 0.808175 3.7382 3.2397 1.0120 2.2231 2.6325 2.2383 2.0691 2.0095 1.9870 2.2841
194 0.808306 3.7376 3.2238 1.0257 2.1887 2.5999 2.2042 2.0342 1.9740 1.9511 2.2500
195 0.808438 3.7371 3.2078 1.0394 2.1540 2.5671 2.1700 1.9992 1.9384 1.9152 2.2158
196 0.808568 3.7366 3.1920 1.0533 2.1193 2.5340 2.1356 1.9640 1.9028 1.8792 2.1814
197 0.808698 3.7361 3.1761 1.0672 2.0844 2.5008 2.1011 1.9287 1.8670 1.8430 2.1469
198 0.808828 3.7356 3.1602 1.0813 2.0493 2.4673 2.0663 1.8933 1.8310 1.8067 2.1122
199 0.808956 3.7351 3.1443 1.0954 2.0140 2.4334 2.0314 1.8575 1.7949 1.7702 2.0771
200 0.809083 3.7346 3.1283 1.1096 1.9784 2.3993 1.9960 1.8215 1.7584 1.7334 2.0418
201 0.809210 3.7342 3.1122 1.1239 1.9426 2.3650 1.9605 1.7853 1.7218 1.6965 2.0064
202 0.809335 3.7337 3.0961 1.1383 1.9065 2.3302 1.9248 1.7489 1.6849 1.6594 1.9705
203 0.809457 3.7333 3.0795 1.1532 1.8692 2.2944 1.8879 1.7113 1.6469 1.6210 1.9336
204 0.809577 3.7329 3.0627 1.1683 1.8313 2.2579 1.8503 1.6731 1.6082 1.5820 1.8961
205 0.809695 3.7324 3.0457 1.1836 1.7931 2.2211 1.8123 1.6344 1.5691 1.5425 1.8580
206 0.809812 3.7320 3.0285 1.1991 1.7542 2.1837 1.7738 1.5953 1.5296 1.5026 1.8196
207 0.809925 3.7315 3.0109 1.2149 1.7147 2.1455 1.7346 1.5554 1.4892 1.4620 1.7803
208 0.810036 3.7311 2.9931 1.2310 1.6745 2.1069 1.6947 1.5148 1.4482 1.4205 1.7404
209 0.810144 3.7306 2.9747 1.2474 1.6334 2.0675 1.6540 1.4734 1.4063 1.3783 1.6997
210 0.810249 3.7300 2.9560 1.2641 1.5916 2.0276 1.6126 1.4311 1.3635 1.3352 1.6584
211 0.810350 3.7295 2.9369 1.2810 1.5493 1.9873 1.5707 1.3883 1.3201 1.2914 1.6164
212 0.810449 3.7289 2.9178 1.2981 1.5064 1.9462 1.5282 1.3449 1.2762 1.2471 1.5739
213 0.810545 3.7284 2.8984 1.3154 1.4629 1.9048 1.4851 1.3010 1.2316 1.2022 1.5308
214 0.810638 3.7278 2.8786 1.3330 1.4190 1.8629 1.4416 1.2565 1.1867 1.1567 1.4873
215 0.810729 3.7272 2.8586 1.3507 1.3746 1.8208 1.3976 1.2115 1.1411 1.1108 1.4434
216 0.810817 3.7267 2.8386 1.3686 1.3297 1.7779 1.3532 1.1662 1.0952 1.0644 1.3990
217 0.810838 3.7266 2.8337 1.3729 1.3188 1.7676 1.3424 1.1552 1.0841 1.0532 1.3882
218 0.810859 3.7264 2.8288 1.3773 1.3080 1.7573 1.3316 1.1442 1.0728 1.0419 1.3774
219 0.810880 3.7263 2.8239 1.3816 1.2970 1.7468 1.3208 1.1331 1.0616 1.0306 1.3665
220 0.810901 3.7262 2.8189 1.3860 1.2860 1.7364 1.3098 1.1220 1.0503 1.0192 1.3556
221 0.810923 3.7260 2.8140 1.3904 1.2749 1.7258 1.2989 1.1108 1.0390 1.0078 1.3447
222 0.810944 3.7259 2.8089 1.3949 1.2638 1.7154 1.2879 1.0995 1.0276 0.9963 1.3337
223 0.810964 3.7257 2.8039 1.3994 1.2527 1.7048 1.2769 1.0882 1.0162 0.9847 1.3227
224 0.810985 3.7256 2.7989 1.4038 1.2415 1.6941 1.2659 1.0769 1.0047 0.9732 1.3116
225 0.811006 3.7254 2.7939 1.4083 1.2302 1.6834 1.2547 1.0655 0.9931 0.9616 1.3005
226 0.811026 3.7253 2.7888 1.4128 1.2189 1.6727 1.2435 1.0541 0.9815 0.9499 1.2893
227 0.811204 3.7240 2.7423 1.4541 1.1156 1.5746 1.1411 0.9494 0.8755 0.8428 1.1869
228 0.811375 3.7226 2.6935 1.4972 1.0075 1.4724 1.0343 0.8400 0.7645 0.7308 1.0801
229 0.811521 3.7212 2.6481 1.5373 0.9072 1.3778 0.9351 0.7383 0.6614 0.6267 0.9810
230 0.811666 3.7198 2.5992 1.5806 0.7988 1.2754 0.8279 0.6285 0.5500 0.5143 0.8738
231 0.811798 3.7184 2.5507 1.6235 0.6914 1.1741 0.7217 0.5197 0.4396 0.4029 0.7675
232 0.811916 3.7169 2.5035 1.6650 0.5876 1.0764 0.6191 0.4145 0.3329 0.2951 0.6650
233 0.812030 3.7154 2.4537 1.7088 0.4784 0.9737 0.5112 0.3038 0.2205 0.1816 0.5571
234 0.812129 3.7138 2.4061 1.7500 0.3754 0.8774 0.4095 0.1993 0.1143 0.0741 0.4554
235 0.812224 3.7121 2.3571 1.7924 0.2697 0.7788 0.3051 0.0920 0.0052 -0.0363 0.3511
236 0.812309 3.7105 2.3091 1.8340 0.1661 0.6823 0.2030 -0.0132 -0.1017 -0.1444 0.2489
237 0.812388 3.7089 2.2611 1.8754 0.0628 0.5866 0.1011 -0.1182 -0.2085 -0.2525 0.1472
238 0.812461 3.7072 2.2134 1.9167 -0.0398 0.4915 -0.0001 -0.2225 -0.3147 -0.3599 0.0459
239 0.812529 3.7056 2.1650 1.9585 -0.1439 0.3956 -0.1026 -0.3284 -0.4225 -0.4690 -0.0566
240 0.812589 3.7040 2.1186 1.9985 -0.2435 0.3043 -0.2006 -0.4297 -0.5256 -0.5734 -0.1545
241 0.812646 3.7023 2.0719 2.0387 -0.3437 0.2127 -0.2994 -0.5318 -0.6297 -0.6787 -0.2532
242 0.812697 3.7007 2.0262 2.0780 -0.4416 0.1235 -0.3956 -0.6316 -0.7313 -0.7815 -0.3495
243 0.812746 3.6991 1.9816 2.1163 -0.5366 0.0373 -0.4891 -0.7286 -0.8301 -0.8816 -0.4429
244 0.812790 3.6976 1.9407 2.1512 -0.6235 -0.0413 -0.5745 -0.8173 -0.9206 -0.9732 -0.5283
245 0.812831 3.6966 1.9106 2.1771 -0.6880 -0.0997 -0.6378 -0.8830 -0.9876 -1.0410 -0.5916
246 0.812870 3.6958 1.8859 2.1984 -0.7410 -0.1480 -0.6900 -0.9370 -1.0427 -1.0967 -0.6438
247 0.812908 3.6941 1.8420 2.2358 -0.8334 -0.2310 -0.7807 -1.0313 -1.1391 -1.1943 -0.7344
248 0.812943 3.6923 1.7960 2.2747 -0.9292 -0.3166 -0.8746 -1.1292 -1.2392 -1.2959 -0.8283
249 0.812976 3.6908 1.7551 2.3093 -1.0145 -0.3924 -0.9580 -1.2163 -1.3284 -1.3863 -0.9118
250 0.813005 3.6897 1.7255 2.3344 -1.0761 -0.4472 -1.0184 -1.2793 -1.3927 -1.4517 -0.9722
251 0.813035 3.6883 1.6907 2.3640 -1.1485 -0.5114 -1.0893 -1.3533 -1.4685 -1.5286 -1.0432
252 0.813063 3.6865 1.6435 2.4039 -1.2465 -0.5978 -1.1851 -1.4535 -1.5712 -1.6327 -1.1390
253 0.813089 3.6846 1.5965 2.4435 -1.3437 -0.6833 -1.2801 -1.5529 -1.6731 -1.7362 -1.2341
254 0.813112 3.6828 1.5504 2.4824 -1.4388 -0.7664 -1.3729 -1.6502 -1.7729 -1.8376 -1.3270
255 0.813133 3.6810 1.5053 2.5202 -1.5312 -0.8463 -1.4630 -1.7450 -1.8700 -1.9364 -1.4172
256 0.813153 3.6792 1.4613 2.5571 -1.6213 -0.9237 -1.5506 -1.8374 -1.9650 -2.0328 -1.5050
257 0.813170 3.6774 1.4174 2.5936 -1.7101 -0.9989 -1.6370 -1.9288 -2.0589 -2.1283 -1.5914
258 0.813187 3.6756 1.3748 2.6289 -1.7962 -1.0713 -1.7205 -2.0174 -2.1501 -2.2212 -1.6752
259 0.813202 3.6738 1.3326 2.6638 -1.8811 -1.1419 -1.8027 -2.1048 -2.2401 -2.3128 -1.7576
260 0.813216 3.6720 1.2912 2.6982 -1.9643 -1.2107 -1.8834 -2.1907 -2.3286 -2.4028 -1.8384
261 0.813229 3.6702 1.2510 2.7314 -2.0447 -1.2767 -1.9610 -2.2736 -2.4140 -2.4899 -1.9162
262 0.813242 3.6685 1.2112 2.7642 -2.1239 -1.3413 -2.0374 -2.3553 -2.4984 -2.5758 -1.9929
263 0.813253 3.6668 1.1724 2.7962 -2.2009 -1.4037 -2.1116 -2.4347 -2.5805 -2.6595 -2.0674
264 0.813263 3.6651 1.1343 2.8276 -2.2762 -1.4645 -2.1841 -2.5124 -2.6608 -2.7415 -2.1402
265 0.813273 3.6634 1.0968 2.8586 -2.3501 -1.5237 -2.2550 -2.5887 -2.7397 -2.8219 -2.2117
266 0.813282 3.6618 1.0600 2.8888 -2.4224 -1.5811 -2.3243 -2.6634 -2.8169 -2.9008 -2.2813
267 0.813290 3.6602 1.0239 2.9184 -2.4926 -1.6362 -2.3914 -2.7359 -2.8922 -2.9776 -2.3489
268 0.813298 3.6586 0.9883 2.9474 -2.5612 -1.6894 -2.4569 -2.8069 -2.9659 -3.0531 -2.4149
269 0.813306 3.6569 0.9533 2.9759 -2.6285 -1.7410 -2.5209 -2.8766 -3.0383 -3.1271 -2.4795
270 0.813312 3.6552 0.9189 3.0037 -2.6936 -1.7901 -2.5826 -2.9441 -3.1088 -3.1992 -2.5419
271 0.813319 3.6536 0.8848 3.0312 -2.7579 -1.8379 -2.6435 -3.0108 -3.1783 -3.2705 -2.6033
272 0.813325 3.6520 0.8516 3.0579 -2.8203 -1.8836 -2.7022 -3.0755 -3.2460 -3.3398 -2.6628
273 0.813331 3.6504 0.8188 3.0844 -2.8817 -1.9283 -2.7600 -3.1393 -3.3127 -3.4082 -2.7214
274 0.813336 3.6488 0.7868 3.1100 -2.9415 -1.9713 -2.8161 -3.2013 -3.3776 -3.4748 -2.7783
275 0.813341 3.6473 0.7554 3.1353 -2.9998 -2.0127 -2.8707 -3.2619 -3.4411 -3.5400 -2.8338
276 0.813346 3.6458 0.7246 3.1601 -3.0570 -2.0531 -2.9242 -3.3214 -3.5035 -3.6040 -2.8881
277 0.813351 3.6443 0.6949 3.1840 -3.1122 -2.0917 -2.9757 -3.3787 -3.5636 -3.6657 -2.9405
278 0.813355 3.6429 0.6660 3.2072 -3.1654 -2.1288 -3.0252 -3.4341 -3.6218 -3.7254 -2.9910
279 0.813359 3.6416 0.6395 3.2286 -3.2146 -2.1628 -3.0709 -3.4850 -3.6753 -3.7804 -3.0375

