XValues. YValues. YValuesErrors  
   1.62   1.34   0.13 
   7.14   7.88   0.79 
   1.61   1.33   0.13 
   7.09   8.11   0.81 
   7.15   8.10   0.81 
   1.75   1.45   0.14 
   1.62   1.26   0.13 
   7.14   8.17   0.82 
   1.72   1.28   0.13 
   1.43   1.50   0.15 
   7.32   8.13   0.81 
   1.51   1.31   0.13 
   7.27   8.14   0.81 
   7.19   8.03   0.80 
   7.42   8.23   0.82 
   1.61   1.45   0.14 
   7.19   8.27   0.83 
   7.26   8.19   0.82 
   7.26   8.08   0.81 
   7.13   8.09   0.81 
   7.12   8.15   0.82 
   1.55   1.18   0.12 
   1.62   1.40   0.14 
   1.64   1.23   0.12 
   1.64   1.37   0.14 
   1.69   1.23   0.12 
   1.56   1.42   0.14 
   1.79   1.20   0.12 
   1.48   1.39   0.14 
   7.39   7.97   0.80 
   1.72   1.42   0.14 
   1.83   1.15   0.12 
   7.08   8.29   0.83 
   7.26   7.94   0.79 
   7.28   8.18   0.82 
   7.10   7.95   0.79 
   7.07   8.13   0.81 
   1.52   1.13   0.11 
   7.10   8.17   0.82 
   7.44   8.19   0.82 
   1.34   1.37   0.14 
   7.31   7.99   0.80 
   7.07   8.05   0.81 
   7.29   8.13   0.81 
   7.23   8.23   0.82 
   1.70   1.52   0.15 
   1.75   1.49   0.15 
   1.70   1.28   0.13 
   1.60   1.48   0.15 
   7.24   7.99   0.80 
   1.57   1.32   0.13 
   1.71   1.18   0.12 
   1.56   1.27   0.13 
   1.78   1.34   0.13 
   1.63   1.21   0.12 
   7.20   7.98   0.80 
   1.65   1.15   0.11 
   7.12   8.03   0.80 
   7.08   8.18   0.82 
   7.29   8.03   0.80 
   7.16   8.28   0.83 
   7.39   8.19   0.82 
   7.16   8.03   0.80 
   7.07   8.20   0.82 
   1.44   1.35   0.13 
   1.54   1.26   0.13 
   1.60   1.34   0.13 
   7.13   8.02   0.80 
   7.17   8.18   0.82 
   1.50   1.16   0.12 
   1.51   1.34   0.13 
   7.39   8.25   0.82 
   1.53   1.26   0.13 
   7.25   8.08   0.81 
   1.59   1.34   0.13 
   1.44   1.28   0.13 
   1.47   1.38   0.14 
   7.11   8.29   0.83 
   1.51   1.10   0.11 
   7.24   7.99   0.80 
   7.13   8.10   0.81 
   7.22   8.16   0.82 
   7.29   8.11   0.81 
   1.68   1.31   0.13 
   7.16   7.96   0.80 
   7.09   8.06   0.81 
   1.55   1.26   0.13 
   7.15   8.29   0.83 
   1.64   1.33   0.13 
   7.13   8.25   0.83 
   1.75   1.28   0.13 
   1.57   1.31   0.13 
   1.51   1.24   0.12 
   7.05   8.14   0.81 
   1.60   1.28   0.13 
   1.49   1.41   0.14 
   7.11   8.21   0.82 
   1.61   1.34   0.13 
   7.29   8.08   0.81 
   1.67   1.31   0.13 
