#AGE= 3.000 EEPS=272
#EEP M/Mo LogTeff LogG LogL/Lo open gp1 rp1 ip1 zp1 yp1 wp1
7 0.118804 3.4988 5.2171 -2.7563 12.1510 14.5337 13.3094 11.8562 11.2284 10.9379 12.7685
8 0.143566 3.4997 5.1441 -2.5968 11.7454 14.1063 12.8867 11.4486 10.8267 10.5382 12.3562
9 0.189761 3.5057 5.0689 -2.3766 11.1713 13.4465 12.2445 10.8724 10.2673 9.9889 11.7589
10 0.233423 3.5119 5.0217 -2.2150 10.7571 12.9577 11.7786 10.4590 9.8668 9.5916 11.3272
11 0.272938 3.5170 4.9875 -2.0924 10.4420 12.5835 11.4237 10.1442 9.5632 9.2904 10.9977
12 0.297647 3.5200 4.9661 -2.0211 10.2582 12.3654 11.2172 9.9605 9.3862 9.1151 10.8055
13 0.308090 3.5213 4.9540 -1.9891 10.1750 12.2684 11.1245 9.8769 9.3059 9.0358 10.7184
14 0.314910 3.5219 4.9439 -1.9665 10.1165 12.2016 11.0606 9.8182 9.2490 8.9796 10.6578
15 0.319676 3.5225 4.9363 -1.9503 10.0747 12.1537 11.0149 9.7763 9.2082 8.9393 10.6143
16 0.323722 3.5230 4.9301 -1.9367 10.0398 12.1140 10.9770 9.7413 9.1742 8.9057 10.5782
17 0.328375 3.5235 4.9242 -1.9226 10.0033 12.0719 10.9370 9.7047 9.1388 8.8708 10.5402
18 0.334806 3.5242 4.9174 -1.9046 9.9568 12.0178 10.8856 9.6581 9.0939 8.8264 10.4918
19 0.339057 3.5247 4.9114 -1.8913 9.9227 11.9786 10.8484 9.6239 9.0608 8.7936 10.4565
20 0.339714 3.5275 4.9228 -1.8904 9.9110 11.9373 10.8149 9.6102 9.0556 8.7928 10.4352
21 0.339322 3.5260 4.9206 -1.8947 9.9266 11.9687 10.8415 9.6270 9.0682 8.8030 10.4558
22 0.307137 3.5196 4.9483 -1.9839 10.1631 12.2610 11.1074 9.8672 9.2946 9.0240 10.7066
23 0.302317 3.5174 4.9531 -2.0013 10.2107 12.3267 11.1637 9.9166 9.3395 9.0668 10.7588
24 0.300230 3.5174 4.9620 -2.0112 10.2331 12.3445 11.1802 9.9391 9.3633 9.0912 10.7793
25 0.311760 3.5205 4.9648 -1.9873 10.1623 12.2438 11.0906 9.8662 9.2987 9.0304 10.6998
26 0.510903 3.5591 4.7735 -1.4377 8.7090 10.4788 9.4351 8.3841 7.9252 7.7076 9.1442
27 0.510876 3.5587 4.7716 -1.4364 8.7037 10.4710 9.4235 8.3807 7.9225 7.7042 9.1376
28 0.509647 3.5577 4.7702 -1.4394 8.7165 10.4955 9.4479 8.3957 7.9323 7.7104 9.1558
29 0.510737 3.5570 4.7665 -1.4362 8.7234 10.5210 9.4803 8.4031 7.9303 7.7022 9.1728
30 0.516351 3.5578 4.7591 -1.4191 8.6965 10.4995 9.4711 8.3728 7.8925 7.6609 9.1521
31 0.526875 3.5609 4.7481 -1.3857 8.6189 10.4009 9.3814 8.2892 7.8119 7.5828 9.0690
32 0.553925 3.5719 4.7290 -1.3023 8.3677 10.0474 9.0192 8.0340 7.6028 7.3955 8.7716
33 0.574357 3.5801 4.7136 -1.2384 8.1811 9.7907 8.7539 7.8455 7.4482 7.2539 8.5523
34 0.601173 3.5918 4.6964 -1.1552 7.9276 9.4375 8.3896 7.5946 7.2482 7.0723 8.2522
35 0.633732 3.6064 4.6778 -1.0561 7.6194 9.0071 7.9522 7.2957 7.0141 6.8595 7.8883
36 0.811339 3.6880 4.6041 -0.5522 6.0905 6.8468 6.1112 5.8605 5.7744 5.7177 6.1911
37 0.824435 3.6930 4.5978 -0.5187 5.9974 6.7202 6.0124 5.7733 5.6930 5.6412 6.0923
38 0.837294 3.6981 4.5915 -0.4855 5.9057 6.5962 5.9153 5.6876 5.6129 5.5659 5.9953
39 0.851178 3.7036 4.5849 -0.4492 5.8063 6.4624 5.8105 5.5948 5.5262 5.4843 5.8902
40 0.863795 3.7088 4.5786 -0.4159 5.7155 6.3415 5.7151 5.5099 5.4472 5.4097 5.7944
41 0.876226 3.7139 4.5721 -0.3828 5.6271 6.2249 5.6225 5.4271 5.3699 5.3367 5.7012
42 0.889927 3.7192 4.5645 -0.3470 5.5319 6.1015 5.5231 5.3379 5.2863 5.2573 5.6012
43 0.903389 3.7241 4.5564 -0.3127 5.4418 5.9863 5.4296 5.2532 5.2068 5.1814 5.5068
44 0.917047 3.7290 4.5479 -0.2782 5.3521 5.8727 5.3366 5.1687 5.1272 5.1051 5.4130
45 0.930753 3.7337 4.5389 -0.2439 5.2634 5.7617 5.2450 5.0853 5.0483 5.0294 5.3207
46 0.944157 3.7382 4.5294 -0.2106 5.1781 5.6555 5.1569 5.0049 4.9723 4.9563 5.2318
47 0.957183 3.7424 4.5201 -0.1783 5.0964 5.5545 5.0728 4.9277 4.8993 4.8860 5.1468
48 0.969911 3.7463 4.5103 -0.1470 5.0174 5.4577 4.9915 4.8531 4.8284 4.8177 5.0649
49 0.982595 3.7501 4.5002 -0.1160 4.9394 5.3627 4.9116 4.7795 4.7585 4.7499 4.9840
50 0.996335 3.7540 4.4886 -0.0826 4.8555 5.2611 4.8254 4.7000 4.6828 4.6766 4.8971
51 1.008555 3.7574 4.4778 -0.0530 4.7816 5.1727 4.7500 4.6302 4.6160 4.6118 4.8208
52 1.014355 3.7591 4.4724 -0.0388 4.7466 5.1310 4.7142 4.5969 4.5842 4.5808 4.7846
53 1.020038 3.7605 4.4670 -0.0250 4.7124 5.0905 4.6794 4.5643 4.5531 4.5504 4.7494
54 1.025928 3.7621 4.4615 -0.0107 4.6772 5.0489 4.6435 4.5309 4.5211 4.5192 4.7131
55 1.032374 3.7637 4.4553 0.0047 4.6392 5.0043 4.6047 4.4948 4.4864 4.4853 4.6741
56 1.039458 3.7655 4.4486 0.0215 4.5982 4.9563 4.5630 4.4557 4.4489 4.4488 4.6318
57 1.047882 3.7675 4.4407 0.0410 4.5505 4.9007 4.5145 4.4105 4.4053 4.4064 4.5827
58 1.067957 3.7715 4.4198 0.0860 4.4395 4.7729 4.4018 4.3041 4.3026 4.3058 4.4690
59 1.082581 3.7746 4.4036 0.1206 4.3549 4.6759 4.3160 4.2233 4.2243 4.2292 4.3824
60 1.096030 3.7773 4.3889 0.1516 4.2790 4.5892 4.2391 4.1505 4.1539 4.1603 4.3046
61 1.105971 3.7793 4.3782 0.1740 4.2242 4.5267 4.1835 4.0981 4.1031 4.1105 4.2486
62 1.113446 3.7807 4.3698 0.1908 4.1832 4.4802 4.1420 4.0588 4.0649 4.0730 4.2067
63 1.119111 3.7817 4.3631 0.2038 4.1511 4.4442 4.1097 4.0281 4.0350 4.0438 4.1740
64 1.123248 3.7825 4.3575 0.2141 4.1262 4.4163 4.0845 4.0040 4.0116 4.0208 4.1487
65 1.125573 3.7830 4.3535 0.2210 4.1094 4.3978 4.0676 3.9879 3.9959 4.0053 4.1315
66 1.108179 3.7814 4.3714 0.1902 4.1860 4.4821 4.1447 4.0623 4.0688 4.0775 4.2092
67 1.112677 3.7825 4.3662 0.2019 4.1575 4.4493 4.1159 4.0352 4.0426 4.0519 4.1801
68 1.214510 3.7984 4.2600 0.4093 3.6517 3.8829 3.6047 3.5495 3.5692 3.5866 3.6644
69 1.225704 3.7994 4.2456 0.4315 3.5970 3.8246 3.5497 3.4962 3.5164 3.5343 3.6090
70 1.241006 3.8003 4.2259 0.4607 3.5251 3.7489 3.4775 3.4257 3.4465 3.4648 3.5365
71 1.257075 3.8011 4.2035 0.4914 3.4488 3.6699 3.4010 3.3505 3.3718 3.3904 3.4598
72 1.272084 3.8015 4.1824 0.5193 3.3794 3.5988 3.3317 3.2818 3.3032 3.3221 3.3904
73 1.284515 3.8018 4.1654 0.5415 3.3243 3.5425 3.2765 3.2270 3.2487 3.2675 3.3350
74 1.293986 3.8018 4.1520 0.5579 3.2830 3.5011 3.2351 3.1858 3.2073 3.2262 3.2936
75 1.301681 3.8016 4.1406 0.5714 3.2493 3.4679 3.2016 3.1519 3.1734 3.1920 3.2601
76 1.308729 3.8013 4.1296 0.5834 3.2189 3.4385 3.1713 3.1213 3.1424 3.1610 3.2299
77 1.315147 3.8009 4.1193 0.5943 3.1913 3.4121 3.1438 3.0932 3.1140 3.1323 3.2026
78 1.321408 3.8005 4.1093 0.6048 3.1647 3.3867 3.1174 3.0661 3.0866 3.1048 3.1761
79 1.327736 3.8000 4.0993 0.6152 3.1384 3.3619 3.0912 3.0394 3.0594 3.0773 3.1501
80 1.334752 3.7997 4.0891 0.6263 3.1102 3.3349 3.0632 3.0108 3.0306 3.0483 3.1222
81 1.342325 3.7993 4.0784 0.6377 3.0812 3.3072 3.0343 2.9813 3.0007 3.0182 3.0934
82 1.346839 3.7990 4.0724 0.6443 3.0644 3.2910 3.0176 2.9643 2.9835 3.0009 3.0767
83 1.351316 3.7989 4.0667 0.6509 3.0481 3.2753 3.0014 2.9478 2.9669 2.9842 3.0605
84 1.355735 3.7987 4.0610 0.6570 3.0324 3.2602 2.9856 2.9317 2.9506 2.9678 3.0449
85 1.360162 3.7985 4.0555 0.6632 3.0169 3.2454 2.9704 2.9161 2.9349 2.9518 3.0295
86 1.364539 3.7983 4.0501 0.6691 3.0017 3.2309 2.9553 2.9008 2.9194 2.9363 3.0146
87 1.368846 3.7981 4.0446 0.6750 2.9870 3.2169 2.9405 2.8857 2.9040 2.9208 2.9999
88 1.373094 3.7977 4.0390 0.6808 2.9723 3.2033 2.9260 2.8707 2.8888 2.9053 2.9854
89 1.377281 3.7974 4.0331 0.6864 2.9578 3.1901 2.9116 2.8558 2.8735 2.8899 2.9712
90 1.381439 3.7969 4.0270 0.6920 2.9433 3.1771 2.8973 2.8407 2.8581 2.8742 2.9569
91 1.385640 3.7963 4.0205 0.6979 2.9284 3.1640 2.8827 2.8253 2.8422 2.8581 2.9423
92 1.389913 3.7959 4.0135 0.7038 2.9132 3.1508 2.8675 2.8093 2.8258 2.8413 2.9274
93 1.394330 3.7951 4.0062 0.7099 2.8974 3.1374 2.8520 2.7928 2.8088 2.8239 2.9122
94 1.398839 3.7944 3.9986 0.7160 2.8814 3.1239 2.8363 2.7760 2.7913 2.8062 2.8965
95 1.403393 3.7936 3.9905 0.7223 2.8653 3.1104 2.8205 2.7588 2.7734 2.7878 2.8808
96 1.407957 3.7927 3.9822 0.7286 2.8489 3.0972 2.8046 2.7415 2.7555 2.7694 2.8651
97 1.412534 3.7919 3.9738 0.7348 2.8326 3.0840 2.7885 2.7242 2.7374 2.7508 2.8493
98 1.417114 3.7910 3.9653 0.7412 2.8161 3.0705 2.7724 2.7067 2.7191 2.7321 2.8333
99 1.421675 3.7901 3.9569 0.7475 2.7994 3.0569 2.7561 2.6892 2.7008 2.7134 2.8172
100 1.427676 3.7894 3.9466 0.7570 2.7753 3.0352 2.7322 2.6642 2.6754 2.6875 2.7935
101 1.431736 3.7887 3.9386 0.7632 2.7594 3.0219 2.7166 2.6474 2.6579 2.6696 2.7780
102 1.435368 3.7881 3.9313 0.7691 2.7442 3.0091 2.7017 2.6315 2.6414 2.6528 2.7632
103 1.438323 3.7876 3.9251 0.7745 2.7305 2.9968 2.6881 2.6173 2.6268 2.6380 2.7498
104 1.440540 3.7874 3.9203 0.7792 2.7185 2.9853 2.6762 2.6051 2.6145 2.6255 2.7379
105 1.442163 3.7874 3.9165 0.7834 2.7081 2.9749 2.6659 2.5947 2.6041 2.6151 2.7275
106 1.443448 3.7876 3.9136 0.7872 2.6986 2.9649 2.6563 2.5855 2.5949 2.6061 2.7179
107 1.444500 3.7876 3.9108 0.7907 2.6899 2.9559 2.6477 2.5769 2.5864 2.5976 2.7093
108 1.445405 3.7879 3.9086 0.7941 2.6817 2.9467 2.6393 2.5689 2.5786 2.5898 2.7008
109 1.446181 3.7881 3.9066 0.7972 2.6738 2.9379 2.6313 2.5614 2.5712 2.5826 2.6928
110 1.446838 3.7883 3.9046 0.8003 2.6663 2.9295 2.6238 2.5542 2.5642 2.5756 2.6852
111 1.447406 3.7886 3.9029 0.8033 2.6591 2.9212 2.6164 2.5473 2.5575 2.5691 2.6777
112 1.447715 3.7888 3.9019 0.8051 2.6547 2.9161 2.6120 2.5432 2.5535 2.5652 2.6733
113 1.448019 3.7891 3.9009 0.8071 2.6499 2.9104 2.6070 2.5386 2.5491 2.5610 2.6683
114 1.448320 3.7893 3.8999 0.8092 2.6452 2.9049 2.6023 2.5342 2.5450 2.5568 2.6635
115 1.448620 3.7895 3.8989 0.8113 2.6397 2.8985 2.5967 2.5292 2.5401 2.5521 2.6578
116 1.448919 3.7898 3.8979 0.8135 2.6344 2.8922 2.5914 2.5243 2.5353 2.5475 2.6525
117 1.449222 3.7900 3.8968 0.8159 2.6288 2.8854 2.5855 2.5190 2.5302 2.5426 2.6465
118 1.449523 3.7904 3.8956 0.8185 2.6225 2.8777 2.5792 2.5131 2.5247 2.5372 2.6400
119 1.449822 3.7907 3.8944 0.8212 2.6159 2.8698 2.5724 2.5071 2.5188 2.5315 2.6333
120 1.450134 3.7912 3.8931 0.8243 2.6084 2.8607 2.5648 2.5000 2.5122 2.5250 2.6255
121 1.450449 3.7917 3.8915 0.8278 2.6000 2.8505 2.5562 2.4921 2.5047 2.5178 2.6168
122 1.450759 3.7922 3.8898 0.8318 2.5905 2.8391 2.5465 2.4834 2.4964 2.5097 2.6069
123 1.451067 3.7927 3.8882 0.8359 2.5808 2.8270 2.5366 2.4744 2.4879 2.5014 2.5967
124 1.451369 3.7935 3.8865 0.8403 2.5700 2.8139 2.5256 2.4646 2.4785 2.4925 2.5857
125 1.451658 3.7941 3.8848 0.8450 2.5589 2.8002 2.5143 2.4545 2.4689 2.4832 2.5742
126 1.451935 3.7949 3.8829 0.8499 2.5470 2.7854 2.5021 2.4436 2.4585 2.4732 2.5618
127 1.452195 3.7957 3.8811 0.8551 2.5346 2.7700 2.4894 2.4322 2.4477 2.4628 2.5489
128 1.452431 3.7966 3.8790 0.8606 2.5215 2.7537 2.4760 2.4201 2.4363 2.4518 2.5352
129 1.452639 3.7975 3.8768 0.8664 2.5077 2.7369 2.4619 2.4075 2.4244 2.4403 2.5209
130 1.452825 3.7984 3.8746 0.8723 2.4937 2.7196 2.4475 2.3946 2.4121 2.4284 2.5064
131 1.452990 3.7992 3.8722 0.8783 2.4795 2.7023 2.4330 2.3814 2.3996 2.4164 2.4917
132 1.453137 3.8001 3.8696 0.8844 2.4650 2.6847 2.4182 2.3681 2.3868 2.4040 2.4766
133 1.453270 3.8010 3.8669 0.8905 2.4503 2.6671 2.4033 2.3545 2.3738 2.3915 2.4615
134 1.453395 3.8018 3.8642 0.8966 2.4355 2.6494 2.3883 2.3409 2.3609 2.3789 2.4463
135 1.453510 3.8027 3.8614 0.9028 2.4209 2.6317 2.3733 2.3272 2.3478 2.3663 2.4311
136 1.453613 3.8034 3.8584 0.9089 2.4061 2.6142 2.3583 2.3134 2.3347 2.3535 2.4158
137 1.453707 3.8042 3.8554 0.9152 2.3913 2.5967 2.3431 2.2997 2.3213 2.3406 2.4005
138 1.453798 3.8050 3.8524 0.9212 2.3768 2.5796 2.3284 2.2862 2.3084 2.3280 2.3856
139 1.453881 3.8057 3.8493 0.9272 2.3623 2.5627 2.3137 2.2726 2.2954 2.3153 2.3707
140 1.453960 3.8064 3.8460 0.9334 2.3479 2.5458 2.2991 2.2590 2.2823 2.3026 2.3559
141 1.454043 3.8074 3.8413 0.9421 2.3268 2.5212 2.2777 2.2393 2.2632 2.2839 2.3342
142 1.454174 3.8075 3.8422 0.9414 2.3285 2.5227 2.2794 2.2410 2.2650 2.2857 2.3358
143 1.454226 3.8067 3.8462 0.9347 2.3446 2.5410 2.2957 2.2563 2.2797 2.3002 2.3523
144 1.454270 3.8064 3.8508 0.9288 2.3589 2.5563 2.3101 2.2702 2.2935 2.3139 2.3669
145 1.454314 3.8059 3.8556 0.9220 2.3754 2.5744 2.3267 2.2859 2.3090 2.3290 2.3836
146 1.454374 3.8046 3.8588 0.9139 2.3946 2.5979 2.3462 2.3035 2.3257 2.3452 2.4035
147 1.454471 3.8017 3.8496 0.9111 2.3987 2.6120 2.3513 2.3040 2.3240 2.3420 2.4094
148 1.454551 3.7992 3.8345 0.9164 2.3835 2.6051 2.3371 2.2859 2.3039 2.3206 2.3955
149 1.454688 3.7968 3.8187 0.9222 2.3671 2.5973 2.3216 2.2666 2.2826 2.2980 2.3807
150 1.454952 3.7936 3.8028 0.9259 2.3560 2.5974 2.3117 2.2517 2.2652 2.2790 2.3714
151 1.455272 3.7910 3.7898 0.9289 2.3467 2.5973 2.3034 2.2393 2.2508 2.2633 2.3638
152 1.455621 3.7894 3.7801 0.9322 2.3372 2.5936 2.2945 2.2280 2.2381 2.2499 2.3553
153 1.455972 3.7884 3.7728 0.9349 2.3296 2.5902 2.2873 2.2188 2.2280 2.2393 2.3483
154 1.456305 3.7877 3.7692 0.9361 2.3264 2.5895 2.2845 2.2148 2.2235 2.2345 2.3456
155 1.456627 3.7871 3.7671 0.9358 2.3267 2.5919 2.2850 2.2144 2.2227 2.2332 2.3463
156 1.456945 3.7864 3.7648 0.9358 2.3264 2.5940 2.2849 2.2134 2.2211 2.2313 2.3464
157 1.457259 3.7858 3.7620 0.9358 2.3260 2.5962 2.2848 2.2121 2.2193 2.2291 2.3465
158 1.457572 3.7851 3.7592 0.9358 2.3256 2.5985 2.2847 2.2108 2.2174 2.2268 2.3466
159 1.457885 3.7842 3.7564 0.9357 2.3253 2.6011 2.2847 2.2096 2.2155 2.2247 2.3467
160 1.458196 3.7835 3.7535 0.9355 2.3252 2.6039 2.2849 2.2085 2.2138 2.2225 2.3471
161 1.458505 3.7827 3.7506 0.9353 2.3254 2.6071 2.2853 2.2076 2.2123 2.2206 2.3478
162 1.459392 3.7800 3.7419 0.9336 2.3281 2.6202 2.2893 2.2071 2.2094 2.2165 2.3523
163 1.460251 3.7770 3.7329 0.9306 2.3341 2.6380 2.2966 2.2093 2.2092 2.2146 2.3602
164 1.461075 3.7735 3.7246 0.9258 2.3446 2.6615 2.3085 2.2157 2.2127 2.2164 2.3730
165 1.461842 3.7700 3.7173 0.9190 2.3601 2.6915 2.3258 2.2268 2.2208 2.2228 2.3911
166 1.462540 3.7662 3.7112 0.9102 2.3809 2.7271 2.3483 2.2431 2.2338 2.2339 2.4143
167 1.463163 3.7624 3.7066 0.8997 2.4062 2.7678 2.3754 2.2638 2.2511 2.2493 2.4422
168 1.463715 3.7586 3.7034 0.8879 2.4351 2.8121 2.4062 2.2883 2.2722 2.2684 2.4738
169 1.464208 3.7549 3.7013 0.8751 2.4666 2.8590 2.4397 2.3156 2.2960 2.2903 2.5080
170 1.464657 3.7511 3.7002 0.8617 2.5002 2.9078 2.4753 2.3450 2.3219 2.3144 2.5442
171 1.465075 3.7476 3.6997 0.8479 2.5350 2.9581 2.5122 2.3757 2.3491 2.3398 2.5817
172 1.465473 3.7439 3.6992 0.8337 2.5708 3.0097 2.5501 2.4073 2.3771 2.3661 2.6202
173 1.465862 3.7402 3.6987 0.8195 2.6071 3.0624 2.5886 2.4394 2.4056 2.3927 2.6594
174 1.466255 3.7363 3.6976 0.8054 2.6436 3.1162 2.6275 2.4716 2.4339 2.4191 2.6989
175 1.466668 3.7324 3.6953 0.7917 2.6799 3.1710 2.6666 2.5035 2.4616 2.4447 2.7384
176 1.467139 3.7279 3.6905 0.7787 2.7154 3.2276 2.7052 2.5341 2.4875 2.4681 2.7775
177 1.467743 3.7226 3.6797 0.7686 2.7443 3.2814 2.7379 2.5573 2.5052 2.4828 2.8109
178 1.468434 3.7171 3.6599 0.7665 2.7543 3.3179 2.7522 2.5615 2.5035 2.4780 2.8256
179 1.469101 3.7124 3.6355 0.7724 2.7443 3.3303 2.7461 2.5466 2.4835 2.4552 2.8196
180 1.469685 3.7091 3.6115 0.7836 2.7202 3.3221 2.7249 2.5193 2.4524 2.4221 2.7984
181 1.470195 3.7068 3.5890 0.7969 2.6899 3.3033 2.6967 2.4867 2.4169 2.3852 2.7703
182 1.470787 3.7045 3.5610 0.8157 2.6461 3.2711 2.6551 2.4404 2.3679 2.3348 2.7284
183 1.471353 3.7025 3.5336 0.8357 2.5986 3.2331 2.6095 2.3912 2.3163 2.2820 2.6828
184 1.471902 3.7010 3.5067 0.8564 2.5491 3.1917 2.5617 2.3401 2.2634 2.2281 2.6349
185 1.472443 3.6996 3.4803 0.8774 2.4987 3.1486 2.5128 2.2884 2.2099 2.1737 2.5859
186 1.472977 3.6983 3.4540 0.8985 2.4478 3.1044 2.4632 2.2362 2.1560 2.1190 2.5362
187 1.473509 3.6970 3.4282 0.9197 2.3968 3.0597 2.4135 2.1840 2.1023 2.0647 2.4864
188 1.474037 3.6960 3.4028 0.9408 2.3457 3.0144 2.3636 2.1317 2.0487 2.0104 2.4363
189 1.474565 3.6949 3.3777 0.9620 2.2949 2.9691 2.3138 2.0798 1.9955 1.9565 2.3865
190 1.475093 3.6939 3.3529 0.9829 2.2441 2.9237 2.2642 2.0281 1.9424 1.9029 2.3367
191 1.475617 3.6929 3.3280 1.0038 2.1935 2.8784 2.2147 1.9764 1.8895 1.8494 2.2872
192 1.476141 3.6919 3.3037 1.0246 2.1432 2.8331 2.1655 1.9252 1.8370 1.7962 2.2377
193 1.476666 3.6910 3.2794 1.0452 2.0932 2.7881 2.1166 1.8742 1.7848 1.7435 2.1887
194 1.477190 3.6902 3.2553 1.0659 2.0432 2.7430 2.0678 1.8234 1.7328 1.6911 2.1396
195 1.477712 3.6891 3.2313 1.0864 1.9936 2.6982 2.0192 1.7728 1.6811 1.6388 2.0910
196 1.478234 3.6883 3.2074 1.1069 1.9441 2.6537 1.9708 1.7225 1.6295 1.5867 2.0425
197 1.478753 3.6874 3.1836 1.1272 1.8948 2.6092 1.9226 1.6724 1.5781 1.5347 1.9941
198 1.479271 3.6865 3.1598 1.1476 1.8456 2.5649 1.8746 1.6223 1.5268 1.4829 1.9458
199 1.479786 3.6857 3.1360 1.1679 1.7963 2.5206 1.8264 1.5721 1.4756 1.4310 1.8975
200 1.480298 3.6847 3.1122 1.1883 1.7472 2.4762 1.7783 1.5221 1.4243 1.3792 1.8492
201 1.480807 3.6838 3.0883 1.2087 1.6978 2.4320 1.7301 1.4719 1.3728 1.3273 1.8008
202 1.481313 3.6830 3.0643 1.2292 1.6484 2.3877 1.6818 1.4216 1.3214 1.2752 1.7524
203 1.481813 3.6820 3.0403 1.2498 1.5988 2.3431 1.6333 1.3711 1.2697 1.2228 1.7037
204 1.482312 3.6811 3.0161 1.2704 1.5490 2.2985 1.5846 1.3205 1.2179 1.1705 1.6550
205 1.482807 3.6802 2.9918 1.2911 1.4994 2.2542 1.5361 1.2699 1.1659 1.1180 1.6062
206 1.483298 3.6791 2.9673 1.3118 1.4495 2.2099 1.4874 1.2189 1.1137 1.0652 1.5573
207 1.483783 3.6782 2.9425 1.3327 1.3994 2.1657 1.4386 1.1678 1.0613 1.0121 1.5083
208 1.484262 3.6771 2.9174 1.3539 1.3488 2.1210 1.3892 1.1163 1.0083 0.9584 1.4588
209 1.484730 3.6761 2.8920 1.3753 1.2974 2.0756 1.3393 1.0638 0.9546 0.9040 1.4086
210 1.485189 3.6750 2.8659 1.3970 1.2452 2.0300 1.2886 1.0106 0.8999 0.8486 1.3577
211 1.485635 3.6739 2.8394 1.4193 1.1921 1.9835 1.2370 0.9564 0.8443 0.7921 1.3058
212 1.486064 3.6726 2.8121 1.4421 1.1377 1.9359 1.1843 0.9010 0.7872 0.7342 1.2527
213 1.486478 3.6715 2.7841 1.4654 1.0824 1.8879 1.1306 0.8445 0.7290 0.6751 1.1988
214 1.486875 3.6702 2.7554 1.4891 1.0259 1.8390 1.0759 0.7867 0.6696 0.6148 1.1437
215 1.487256 3.6690 2.7261 1.5133 0.9684 1.7894 1.0202 0.7280 0.6090 0.5533 1.0878
216 1.487619 3.6676 2.6961 1.5381 0.9098 1.7390 0.9636 0.6683 0.5473 0.4905 1.0306
217 1.487690 3.6673 2.6903 1.5427 0.8987 1.7293 0.9529 0.6567 0.5354 0.4784 1.0198
218 1.487760 3.6671 2.6844 1.5476 0.8874 1.7197 0.9419 0.6452 0.5234 0.4663 1.0089
219 1.487830 3.6667 2.6786 1.5524 0.8760 1.7100 0.9310 0.6336 0.5115 0.4541 0.9978
220 1.487899 3.6665 2.6727 1.5572 0.8646 1.7001 0.9200 0.6219 0.4994 0.4418 0.9867
221 1.487968 3.6662 2.6669 1.5621 0.8532 1.6905 0.9089 0.6102 0.4874 0.4295 0.9756
222 1.488036 3.6659 2.6609 1.5669 0.8417 1.6807 0.8979 0.5984 0.4752 0.4172 0.9643
223 1.488104 3.6657 2.6549 1.5719 0.8301 1.6708 0.8866 0.5867 0.4630 0.4047 0.9532
224 1.488170 3.6654 2.6490 1.5767 0.8186 1.6609 0.8754 0.5748 0.4508 0.3924 0.9419
225 1.488236 3.6652 2.6429 1.5817 0.8069 1.6510 0.8642 0.5628 0.4385 0.3798 0.9305
226 1.488302 3.6649 2.6368 1.5867 0.7952 1.6410 0.8528 0.5509 0.4260 0.3672 0.9191
227 1.488928 3.6621 2.5786 1.6342 0.6831 1.5462 0.7449 0.4363 0.3076 0.2467 0.8103
228 1.489482 3.6596 2.5253 1.6776 0.5824 1.4623 0.6490 0.3331 0.2005 0.1371 0.7130
229 1.489973 3.6595 2.5200 1.6824 0.5709 1.4517 0.6379 0.3214 0.1884 0.1250 0.7017
230 1.490499 3.6618 2.5613 1.6505 0.6435 1.5086 0.7058 0.3962 0.2671 0.2059 0.7710
231 1.491142 3.6599 2.5177 1.6864 0.5581 1.4355 0.6227 0.3091 0.1775 0.1149 0.6878
232 1.491737 3.6561 2.4411 1.7481 0.4146 1.3169 0.4853 0.1619 0.0250 -0.0411 0.5489
233 1.492255 3.6524 2.3688 1.8060 0.2810 1.2083 0.3584 0.0247 -0.1178 -0.1872 0.4201
234 1.492707 3.6488 2.3008 1.8599 0.1571 1.1092 0.2416 -0.1026 -0.2509 -0.3236 0.3012
235 1.493110 3.6453 2.2326 1.9139 0.0340 1.0115 0.1260 -0.2291 -0.3838 -0.4599 0.1834
236 1.493462 3.6417 2.1658 1.9665 -0.0850 0.9183 0.0151 -0.3515 -0.5130 -0.5927 0.0697
237 1.493772 3.6382 2.1010 2.0172 -0.1990 0.8305 -0.0895 -0.4687 -0.6372 -0.7206 -0.0385
238 1.494054 3.6346 2.0356 2.0684 -0.3134 0.7437 -0.1933 -0.5864 -0.7622 -0.8496 -0.1463
239 1.494301 3.6309 1.9715 2.1181 -0.4234 0.6612 -0.2916 -0.6997 -0.8838 -0.9752 -0.2496
240 1.494522 3.6274 1.9090 2.1662 -0.5291 0.5835 -0.3844 -0.8088 -1.0014 -1.0969 -0.3481
241 1.494720 3.6237 1.8472 2.2138 -0.6328 0.5079 -0.4752 -0.9158 -1.1176 -1.2172 -0.4444
242 1.494899 3.6202 1.7864 2.2604 -0.7331 0.4366 -0.5622 -1.0192 -1.2307 -1.3348 -0.5371
243 1.495059 3.6167 1.7268 2.3058 -0.8300 0.3695 -0.6440 -1.1191 -1.3407 -1.4494 -0.6256
244 1.495204 3.6131 1.6684 2.3502 -0.9236 0.3062 -0.7209 -1.2156 -1.4480 -1.5616 -0.7103
245 1.495335 3.6096 1.6113 2.3934 -1.0135 0.2474 -0.7916 -1.3084 -1.5525 -1.6711 -0.7905
246 1.495453 3.6062 1.5553 2.4356 -1.1001 0.1927 -0.8564 -1.3980 -1.6546 -1.7782 -0.8666
247 1.495560 3.6027 1.5005 2.4767 -1.1835 0.1397 -0.9171 -1.4850 -1.7549 -1.8829 -0.9389
248 1.495658 3.5992 1.4461 2.5171 -1.2637 0.0913 -0.9725 -1.5690 -1.8529 -1.9858 -1.0072
249 1.495746 3.5959 1.3935 2.5560 -1.3393 0.0482 -1.0219 -1.6481 -1.9464 -2.0846 -1.0703
250 1.495828 3.5924 1.3414 2.5946 -1.4129 0.0091 -1.0659 -1.7250 -2.0385 -2.1821 -1.1304
251 1.495904 3.5891 1.2906 2.6321 -1.4834 -0.0254 -1.1035 -1.7984 -2.1277 -2.2771 -1.1864
252 1.495972 3.5858 1.2408 2.6689 -1.5504 -0.0538 -1.1338 -1.8680 -2.2137 -2.3698 -1.2377
253 1.496035 3.5828 1.1928 2.7043 -1.6147 -0.0790 -1.1570 -1.9346 -2.2971 -2.4597 -1.2852
254 1.496093 3.5796 1.1455 2.7393 -1.6777 -0.1032 -1.1740 -2.0004 -2.3814 -2.5502 -1.3298
255 1.496147 3.5766 1.0993 2.7733 -1.7397 -0.1294 -1.1916 -2.0652 -2.4646 -2.6392 -1.3736
256 1.496196 3.5737 1.0544 2.8067 -1.7996 -0.1570 -1.2096 -2.1278 -2.5457 -2.7252 -1.4157
257 1.496242 3.5709 1.0106 2.8390 -1.8574 -0.1812 -1.2238 -2.1875 -2.6244 -2.8092 -1.4552
258 1.496285 3.5680 0.9675 2.8710 -1.9111 -0.1952 -1.2273 -2.2427 -2.6996 -2.8911 -1.4884
259 1.496325 3.5653 0.9256 2.9018 -1.9614 -0.2022 -1.2233 -2.2934 -2.7704 -2.9697 -1.5173
260 1.496362 3.5625 0.8843 2.9322 -2.0080 -0.2017 -1.2117 -2.3397 -2.8372 -3.0453 -1.5414
261 1.496396 3.5599 0.8448 2.9613 -2.0484 -0.1867 -1.1838 -2.3781 -2.8969 -3.1160 -1.5571
262 1.496429 3.5573 0.8055 2.9902 -2.0827 -0.1422 -1.1166 -2.4090 -2.9507 -3.1850 -1.5607
263 1.496459 3.5548 0.7670 3.0185 -2.1157 -0.0923 -1.0409 -2.4383 -3.0028 -3.2530 -1.5622
264 1.496487 3.5523 0.7295 3.0460 -2.1555 -0.0495 -0.9614 -2.4769 -3.0612 -3.3261 -1.5722
265 1.496514 3.5499 0.6929 3.0728 -2.1938 -0.0039 -0.8782 -2.5137 -3.1176 -3.3974 -1.5805
266 1.496539 3.5474 0.6570 3.0990 -2.2300 0.0462 -0.7904 -2.5473 -3.1713 -3.4668 -1.5861
267 1.496563 3.5451 0.6219 3.1248 -2.2642 0.0984 -0.7012 -2.5783 -3.2225 -3.5340 -1.5896
268 1.496585 3.5428 0.5875 3.1499 -2.2955 0.1549 -0.6097 -2.6049 -3.2698 -3.5984 -1.5893
269 1.496606 3.5405 0.5539 3.1744 -2.3233 0.2163 -0.5163 -2.6263 -3.3133 -3.6600 -1.5848
270 1.496627 3.5382 0.5208 3.1984 -2.3491 0.2794 -0.4247 -2.6439 -3.3542 -3.7204 -1.5774
271 1.496646 3.5358 0.4883 3.2216 -2.3656 0.3560 -0.3281 -2.6480 -3.3848 -3.7734 -1.5581
272 1.496664 3.5335 0.4563 3.2446 -2.3446 0.4968 -0.2094 -2.5968 -3.3772 -3.8013 -1.4862
273 1.496680 3.5313 0.4248 3.2668 -2.3167 0.6448 -0.0907 -2.5359 -3.3618 -3.8231 -1.4062
274 1.496696 3.5291 0.3941 3.2886 -2.2842 0.7847 0.0137 -2.4661 -3.3386 -3.8390 -1.3217
275 1.496711 3.5268 0.3636 3.3099 -2.2481 0.9229 0.1112 -2.3908 -3.3104 -3.8506 -1.2340
276 1.496726 3.5245 0.3342 3.3305 -2.2105 1.0555 0.2006 -2.3134 -3.2790 -3.8583 -1.1466
277 1.496740 3.5223 0.3055 3.3506 -2.1747 1.1764 0.2757 -2.2385 -3.2478 -3.8651 -1.0641
278 1.497322 3.5203 0.2782 3.3695 -2.1437 1.2795 0.3333 -2.1707 -3.2197 -3.8727 -0.9913

