#EEP M/Mo LogTeff LogG LogL/Lo open gp1 rp1 ip1 zp1 yp1 wp1
10 0.121815 3.4953 5.2016 -2.7432 12.1489 14.5732 13.3494 11.8635 11.2177 10.9071 12.7865
11 0.146640 3.4961 5.1303 -2.5880 11.7620 14.1700 12.9530 11.4771 10.8335 10.5216 12.3972
12 0.182444 3.5009 5.0685 -2.4123 11.3085 13.6528 12.4513 11.0223 10.3901 10.0850 11.9273
13 0.212583 3.5056 5.0309 -2.2895 10.9845 13.2682 12.0811 10.6963 10.0764 9.7790 11.5867
14 0.233933 3.5086 5.0066 -2.2116 10.7786 13.0247 11.8473 10.4887 9.8772 9.5845 11.3700
15 0.253109 3.5111 4.9864 -2.1470 10.6085 12.8230 11.6543 10.3177 9.7127 9.4233 11.1913
16 0.275520 3.5140 4.9658 -2.0783 10.4285 12.6091 11.4507 10.1371 9.5388 9.2523 11.0025
17 0.294263 3.5163 4.9487 -2.0233 10.2850 12.4394 11.2894 9.9932 9.4001 9.1159 10.8523
18 0.305791 3.5177 4.9369 -1.9895 10.1980 12.3377 11.1932 9.9060 9.3156 9.0322 10.7618
19 0.312987 3.5184 4.9287 -1.9681 10.1431 12.2744 11.1333 9.8513 9.2623 8.9792 10.7050
20 0.317140 3.5196 4.9279 -1.9571 10.1130 12.2324 11.0949 9.8207 9.2345 8.9525 10.6716
21 0.319792 3.5197 4.9264 -1.9516 10.0990 12.2175 11.0806 9.8068 9.2207 8.9386 10.6575
22 0.321661 3.5193 4.9240 -1.9481 10.0919 12.2144 11.0767 9.8000 9.2126 8.9300 10.6518
23 0.323070 3.5190 4.9224 -1.9459 10.0875 12.2134 11.0749 9.7958 9.2074 8.9243 10.6484
24 0.324280 3.5193 4.9234 -1.9436 10.0804 12.2020 11.0647 9.7886 9.2014 8.9187 10.6402
25 0.325343 3.5201 4.9267 -1.9426 10.0755 12.1893 11.0540 9.7832 9.1981 8.9165 10.6328
26 0.326526 3.5202 4.9252 -1.9392 10.0672 12.1805 11.0456 9.7750 9.1899 8.9084 10.6244
27 0.327818 3.5203 4.9219 -1.9339 10.0539 12.1662 11.0319 9.7617 9.1767 8.8950 10.6110
28 0.328789 3.5203 4.9191 -1.9296 10.0434 12.1551 11.0215 9.7512 9.1660 8.8841 10.6005
29 0.330126 3.5204 4.9173 -1.9255 10.0329 12.1432 11.0103 9.7408 9.1558 8.8739 10.5898
30 0.332596 3.5207 4.9145 -1.9185 10.0151 12.1227 10.9910 9.7228 9.1382 8.8566 10.5715
31 0.354129 3.5244 4.8953 -1.8618 9.8682 11.9483 10.8318 9.5732 8.9961 8.7178 10.4174
32 0.360654 3.5258 4.8906 -1.8447 9.8239 11.8946 10.7825 9.5277 8.9538 8.6771 10.3702
33 0.369506 3.5276 4.8851 -1.8225 9.7649 11.8213 10.7136 9.4672 8.8983 8.6241 10.3063
34 0.550209 3.5673 4.7331 -1.3322 8.4552 10.1946 9.1815 8.1290 7.6754 7.4555 8.8874
35 0.565532 3.5730 4.7213 -1.2861 8.3237 10.0152 9.0037 7.9957 7.5618 7.3511 8.7361
36 0.582650 3.5795 4.7083 -1.2338 8.1717 9.8056 8.7933 7.8427 7.4333 7.2336 8.5597
37 0.600683 3.5868 4.6948 -1.1783 8.0069 9.5779 8.5627 7.6784 7.2976 7.1096 8.3674
38 0.617904 3.5938 4.6823 -1.1253 7.8499 9.3637 8.3457 7.5235 7.1701 6.9922 8.1850
39 0.637905 3.6026 4.6691 -1.0631 7.6605 9.1003 8.0796 7.3369 7.0194 6.8552 7.9629
40 0.659438 3.6123 4.6559 -0.9963 7.4534 8.8116 7.7887 7.1355 6.8591 6.7097 7.7197
41 0.680805 3.6223 4.6436 -0.9302 7.2467 8.5227 7.5018 6.9367 6.7019 6.5668 7.4777
42 0.703200 3.6331 4.6318 -0.8613 7.0301 8.2184 7.2118 6.7308 6.5366 6.4159 7.2275
43 0.728876 3.6457 4.6194 -0.7826 6.7844 7.8712 6.9000 6.4996 6.3453 6.2406 6.9492
44 0.752158 3.6574 4.6088 -0.7118 6.5665 7.5615 6.6407 6.2957 6.1684 6.0780 6.7084
45 0.770949 3.6666 4.5999 -0.6551 6.3964 7.3206 6.4478 6.1370 6.0259 5.9463 6.5236
46 0.786354 3.6741 4.5924 -0.6090 6.2610 7.1296 6.2987 6.0108 5.9100 5.8390 6.3782
47 0.798766 3.6799 4.5859 -0.5726 6.1560 6.9828 6.1853 5.9129 5.8191 5.7544 6.2662
48 0.809218 3.6845 4.5803 -0.5426 6.0706 6.8648 6.0937 5.8332 5.7449 5.6853 6.1754
49 0.818968 3.6887 4.5747 -0.5153 5.9938 6.7596 6.0117 5.7614 5.6778 5.6225 6.0938
50 0.828475 3.6927 4.5693 -0.4891 5.9206 6.6602 5.9342 5.6929 5.6136 5.5623 6.0163
51 0.837858 3.6964 4.5636 -0.4633 5.8493 6.5643 5.8590 5.6261 5.5509 5.5035 5.9411
52 0.845065 3.6993 4.5590 -0.4434 5.7947 6.4913 5.8014 5.5750 5.5029 5.4583 5.8835
53 0.852120 3.7022 4.5543 -0.4238 5.7411 6.4202 5.7451 5.5248 5.4558 5.4138 5.8270
54 0.858961 3.7049 4.5497 -0.4046 5.6888 6.3511 5.6903 5.4757 5.4098 5.3704 5.7720
55 0.865603 3.7076 4.5451 -0.3858 5.6380 6.2842 5.6371 5.4280 5.3649 5.3280 5.7185
56 0.872090 3.7102 4.5403 -0.3674 5.5884 6.2193 5.5852 5.3814 5.3211 5.2865 5.6664
57 0.878437 3.7128 4.5355 -0.3492 5.5399 6.1564 5.5346 5.3358 5.2783 5.2458 5.6156
58 0.884661 3.7153 4.5306 -0.3315 5.4925 6.0952 5.4853 5.2913 5.2364 5.2059 5.5659
59 0.890798 3.7176 4.5256 -0.3139 5.4461 6.0358 5.4370 5.2475 5.1951 5.1665 5.5173
60 0.896869 3.7199 4.5206 -0.2967 5.4005 5.9778 5.3897 5.2045 5.1545 5.1277 5.4696
61 0.902899 3.7222 4.5154 -0.2795 5.3557 5.9211 5.3431 5.1621 5.1144 5.0894 5.4227
62 0.908884 3.7244 4.5101 -0.2626 5.3113 5.8656 5.2973 5.1203 5.0749 5.0514 5.3766
63 0.914810 3.7265 4.5047 -0.2459 5.2678 5.8113 5.2523 5.0791 5.0359 5.0139 5.3312
64 0.920637 3.7286 4.4993 -0.2294 5.2251 5.7583 5.2082 5.0387 4.9975 4.9770 5.2869
65 0.926370 3.7306 4.4938 -0.2132 5.1833 5.7068 5.1652 4.9991 4.9599 4.9407 5.2434
66 0.931993 3.7325 4.4882 -0.1973 5.1425 5.6566 5.1231 4.9604 4.9231 4.9053 5.2011
67 0.937501 3.7344 4.4826 -0.1818 5.1027 5.6079 5.0821 4.9227 4.8872 4.8705 5.1598
68 0.942899 3.7362 4.4769 -0.1666 5.0638 5.5605 5.0422 4.8858 4.8521 4.8365 5.1195
69 0.948188 3.7378 4.4713 -0.1518 5.0258 5.5144 5.0031 4.8496 4.8176 4.8032 5.0801
70 0.953364 3.7394 4.4655 -0.1372 4.9887 5.4696 4.9651 4.8144 4.7839 4.7706 5.0417
71 0.958442 3.7410 4.4598 -0.1228 4.9524 5.4260 4.9278 4.7799 4.7509 4.7386 5.0042
72 0.963416 3.7425 4.4541 -0.1088 4.9169 5.3834 4.8915 4.7461 4.7186 4.7072 4.9675
73 0.968303 3.7439 4.4484 -0.0950 4.8821 5.3419 4.8559 4.7129 4.6869 4.6763 4.9316
74 0.973085 3.7454 4.4425 -0.0815 4.8481 5.3015 4.8210 4.6805 4.6558 4.6461 4.8965
75 0.977783 3.7467 4.4368 -0.0683 4.8147 5.2620 4.7869 4.6487 4.6253 4.6163 4.8621
76 0.982377 3.7480 4.4310 -0.0553 4.7822 5.2237 4.7537 4.6176 4.5953 4.5872 4.8286
77 0.986872 3.7493 4.4251 -0.0426 4.7503 5.1863 4.7212 4.5871 4.5661 4.5585 4.7958
78 0.991257 3.7504 4.4194 -0.0302 4.7192 5.1500 4.6895 4.5573 4.5374 4.5306 4.7639
79 0.995494 3.7515 4.4136 -0.0182 4.6891 5.1150 4.6589 4.5286 4.5097 4.5034 4.7330
80 0.999571 3.7526 4.4080 -0.0066 4.6602 5.0815 4.6295 4.5009 4.4830 4.4773 4.7033
81 1.003457 3.7535 4.4026 0.0046 4.6326 5.0496 4.6013 4.4744 4.4574 4.4523 4.6749
82 1.006184 3.7542 4.3987 0.0124 4.6130 5.0269 4.5814 4.4555 4.4392 4.4345 4.6548
83 1.008755 3.7549 4.3949 0.0199 4.5943 5.0054 4.5624 4.4376 4.4219 4.4175 4.6356
84 1.011259 3.7555 4.3912 0.0273 4.5758 4.9842 4.5436 4.4199 4.4047 4.4007 4.6167
85 1.013698 3.7562 4.3875 0.0346 4.5577 4.9634 4.5253 4.4026 4.3880 4.3843 4.5982
86 1.016075 3.7568 4.3838 0.0418 4.5401 4.9431 4.5073 4.3856 4.3716 4.3681 4.5801
87 1.018393 3.7574 4.3800 0.0487 4.5227 4.9233 4.4897 4.3688 4.3554 4.3523 4.5624
88 1.020650 3.7579 4.3764 0.0555 4.5058 4.9040 4.4724 4.3526 4.3396 4.3368 4.5450
89 1.022856 3.7584 4.3729 0.0622 4.4892 4.8849 4.4556 4.3365 4.3241 4.3215 4.5280
90 1.025010 3.7590 4.3693 0.0688 4.4728 4.8663 4.4389 4.3208 4.3088 4.3065 4.5112
91 1.027117 3.7595 4.3658 0.0753 4.4567 4.8481 4.4226 4.3054 4.2938 4.2918 4.4948
92 1.029190 3.7600 4.3624 0.0816 4.4409 4.8301 4.4066 4.2901 4.2791 4.2774 4.4787
93 1.031149 3.7605 4.3592 0.0877 4.4257 4.8127 4.3911 4.2755 4.2649 4.2635 4.4630
94 1.033168 3.7611 4.3560 0.0940 4.4103 4.7949 4.3755 4.2607 4.2507 4.2496 4.4473
95 1.035427 3.7617 4.3525 0.1005 4.3939 4.7763 4.3589 4.2451 4.2354 4.2346 4.4306
96 1.038100 3.7622 4.3486 0.1078 4.3759 4.7557 4.3405 4.2275 4.2184 4.2179 4.4120
97 1.041291 3.7627 4.3439 0.1160 4.3554 4.7330 4.3198 4.2078 4.1992 4.1990 4.3912
98 1.045142 3.7633 4.3383 0.1255 4.3320 4.7071 4.2961 4.1850 4.1769 4.1770 4.3673
99 1.061806 3.7642 4.3140 0.1598 4.2463 4.6175 4.2102 4.1004 4.0930 4.0935 4.2811
100 1.068456 3.7647 4.3035 0.1753 4.2080 4.5770 4.1718 4.0628 4.0559 4.0567 4.2425
101 1.077328 3.7651 4.2882 0.1960 4.1564 4.5232 4.1199 4.0117 4.0051 4.0062 4.1905
102 1.087955 3.7655 4.2689 0.2210 4.0941 4.4592 4.0576 3.9499 3.9435 3.9448 4.1280
103 1.097997 3.7658 4.2509 0.2443 4.0361 4.3998 3.9995 3.8924 3.8861 3.8876 4.0698
104 1.104696 3.7661 4.2389 0.2602 3.9965 4.3589 3.9598 3.8532 3.8472 3.8487 4.0300
105 1.108179 3.7664 4.2316 0.2701 3.9719 4.3328 3.9351 3.8289 3.8232 3.8250 4.0051
106 1.110465 3.7669 4.2262 0.2781 3.9522 4.3113 3.9152 3.8098 3.8044 3.8063 3.9852
107 1.112230 3.7673 4.2216 0.2850 3.9347 4.2919 3.8975 3.7928 3.7878 3.7901 3.9674
108 1.113343 3.7678 4.2179 0.2911 3.9198 4.2751 3.8824 3.7785 3.7739 3.7764 3.9522
109 1.114053 3.7682 4.2147 0.2966 3.9064 4.2598 3.8689 3.7657 3.7615 3.7642 3.9384
110 1.114603 3.7687 4.2117 0.3017 3.8937 4.2452 3.8559 3.7535 3.7498 3.7527 3.9254
111 1.115052 3.7692 4.2088 0.3067 3.8814 4.2309 3.8435 3.7419 3.7385 3.7417 3.9128
112 1.115402 3.7697 4.2057 0.3119 3.8687 4.2160 3.8305 3.7296 3.7267 3.7302 3.8996
113 1.115656 3.7702 4.2027 0.3170 3.8561 4.2014 3.8177 3.7177 3.7153 3.7189 3.8868
114 1.115881 3.7707 4.1997 0.3220 3.8436 4.1870 3.8051 3.7059 3.7038 3.7077 3.8740
115 1.116116 3.7711 4.1966 0.3271 3.8312 4.1726 3.7924 3.6940 3.6923 3.6965 3.8613
116 1.116534 3.7716 4.1933 0.3323 3.8183 4.1579 3.7793 3.6816 3.6804 3.6849 3.8481
117 1.117452 3.7720 4.1897 0.3377 3.8050 4.1429 3.7658 3.6687 3.6678 3.6724 3.8344
118 1.118539 3.7722 4.1859 0.3430 3.7919 4.1288 3.7526 3.6560 3.6552 3.6600 3.8212
119 1.119599 3.7725 4.1820 0.3481 3.7792 4.1152 3.7398 3.6435 3.6429 3.6478 3.8083
120 1.120595 3.7726 4.1781 0.3532 3.7667 4.1019 3.7273 3.6312 3.6307 3.6357 3.7957
121 1.121511 3.7727 4.1740 0.3582 3.7542 4.0888 3.7148 3.6189 3.6186 3.6236 3.7832
122 1.122403 3.7729 4.1698 0.3632 3.7416 4.0757 3.7022 3.6066 3.6064 3.6114 3.7705
123 1.123569 3.7729 4.1653 0.3684 3.7289 4.0627 3.6894 3.5938 3.5936 3.5986 3.7577
124 1.124971 3.7728 4.1605 0.3733 3.7164 4.0505 3.6770 3.5813 3.5810 3.5860 3.7453
125 1.126437 3.7727 4.1556 0.3783 3.7041 4.0387 3.6647 3.5688 3.5683 3.5733 3.7331
126 1.127965 3.7725 4.1505 0.3832 3.6918 4.0270 3.6524 3.5563 3.5557 3.5605 3.7208
127 1.129628 3.7723 4.1453 0.3881 3.6793 4.0154 3.6401 3.5435 3.5427 3.5475 3.7086
128 1.131466 3.7720 4.1401 0.3932 3.6667 4.0039 3.6278 3.5308 3.5297 3.5343 3.6962
129 1.133363 3.7718 4.1348 0.3981 3.6542 3.9924 3.6154 3.5180 3.5167 3.5212 3.6839
130 1.135292 3.7716 4.1296 0.4031 3.6417 3.9807 3.6030 3.5053 3.5036 3.5080 3.6715
131 1.137236 3.7714 4.1245 0.4081 3.6291 3.9690 3.5905 3.4924 3.4906 3.4948 3.6591
132 1.139161 3.7713 4.1198 0.4132 3.6165 3.9567 3.5779 3.4796 3.4777 3.4819 3.6465
133 1.141042 3.7711 4.1147 0.4183 3.6036 3.9445 3.5652 3.4666 3.4645 3.4686 3.6338
134 1.142910 3.7709 4.1093 0.4235 3.5906 3.9324 3.5522 3.4533 3.4511 3.4550 3.6209
135 1.144785 3.7706 4.1037 0.4288 3.5773 3.9201 3.5392 3.4399 3.4373 3.4412 3.6078
136 1.146659 3.7704 4.0982 0.4341 3.5640 3.9077 3.5260 3.4262 3.4234 3.4272 3.5946
137 1.148527 3.7701 4.0923 0.4395 3.5504 3.8952 3.5125 3.4124 3.4093 3.4129 3.5813
138 1.150384 3.7699 4.0863 0.4454 3.5358 3.8815 3.4981 3.3975 3.3942 3.3977 3.5669
139 1.152225 3.7697 4.0802 0.4512 3.5209 3.8673 3.4832 3.3824 3.3788 3.3822 3.5521
140 1.154040 3.7694 4.0742 0.4567 3.5071 3.8546 3.4696 3.3682 3.3644 3.3676 3.5385
141 1.155802 3.7690 4.0682 0.4622 3.4932 3.8418 3.4558 3.3540 3.3499 3.3531 3.5248
142 1.157511 3.7687 4.0618 0.4679 3.4791 3.8290 3.4419 3.3395 3.3350 3.3380 3.5109
143 1.159184 3.7683 4.0552 0.4734 3.4650 3.8165 3.4279 3.3249 3.3201 3.3228 3.4971
144 1.160824 3.7678 4.0485 0.4790 3.4511 3.8043 3.4143 3.3105 3.3052 3.3077 3.4835
145 1.162435 3.7674 4.0418 0.4843 3.4375 3.7928 3.4011 3.2964 3.2907 3.2929 3.4703
146 1.164021 3.7668 4.0351 0.4895 3.4243 3.7815 3.3881 3.2827 3.2765 3.2785 3.4574
147 1.165584 3.7663 4.0285 0.4947 3.4114 3.7707 3.3754 3.2691 3.2625 3.2642 3.4449
148 1.167132 3.7657 4.0216 0.4997 3.3987 3.7602 3.3630 3.2557 3.2485 3.2499 3.4325
149 1.168666 3.7650 4.0147 0.5046 3.3863 3.7503 3.3509 3.2426 3.2347 3.2358 3.4205
150 1.170187 3.7644 4.0076 0.5094 3.3741 3.7411 3.3392 3.2296 3.2211 3.2218 3.4090
151 1.171702 3.7636 4.0002 0.5140 3.3624 3.7327 3.3279 3.2170 3.2077 3.2080 3.3978
152 1.173211 3.7627 3.9928 0.5185 3.3511 3.7248 3.3170 3.2048 3.1946 3.1945 3.3871
153 1.174715 3.7617 3.9852 0.5228 3.3402 3.7179 3.3067 3.1928 3.1817 3.1811 3.3770
154 1.176220 3.7606 3.9774 0.5268 3.3300 3.7118 3.2970 3.1814 3.1693 3.1681 3.3674
155 1.177725 3.7594 3.9694 0.5306 3.3205 3.7069 3.2881 3.1706 3.1573 3.1555 3.3587
156 1.179228 3.7581 3.9613 0.5340 3.3118 3.7035 3.2802 3.1605 3.1460 3.1435 3.3510
157 1.180726 3.7566 3.9529 0.5369 3.3044 3.7022 3.2735 3.1515 3.1355 3.1323 3.3446
158 1.182205 3.7549 3.9443 0.5392 3.2987 3.7034 3.2687 3.1439 3.1263 3.1222 3.3401
159 1.183630 3.7529 3.9359 0.5406 3.2952 3.7075 3.2663 3.1383 3.1189 3.1139 3.3380
160 1.184954 3.7510 3.9279 0.5411 3.2942 3.7149 3.2664 3.1351 3.1139 3.1078 3.3385
161 1.186144 3.7489 3.9205 0.5406 3.2957 3.7250 3.2691 3.1344 3.1110 3.1038 3.3414
162 1.187753 3.7456 3.9104 0.5384 3.3016 3.7449 3.2769 3.1368 3.1102 3.1014 3.3499
163 1.189297 3.7419 3.9004 0.5339 3.3140 3.7743 3.2917 3.1448 3.1145 3.1038 3.3651
164 1.190774 3.7375 3.8904 0.5269 3.3329 3.8132 3.3133 3.1589 3.1240 3.1112 3.3875
165 1.192174 3.7327 3.8805 0.5180 3.3576 3.8605 3.3414 3.1782 3.1384 3.1229 3.4162
166 1.193513 3.7275 3.8703 0.5078 3.3863 3.9137 3.3737 3.2012 3.1560 3.1376 3.4490
167 1.194844 3.7219 3.8587 0.4976 3.4163 3.9705 3.4079 3.2252 3.1741 3.1526 3.4837
168 1.196243 3.7159 3.8440 0.4886 3.4445 4.0285 3.4408 3.2469 3.1893 3.1639 3.5171
169 1.197813 3.7095 3.8236 0.4840 3.4636 4.0806 3.4655 3.2593 3.1945 3.1649 3.5421
170 1.199494 3.7035 3.7969 0.4877 3.4625 4.1109 3.4700 3.2520 3.1804 3.1466 3.5465
171 1.200988 3.6993 3.7692 0.4990 3.4408 4.1122 3.4525 3.2258 3.1492 3.1123 3.5288
172 1.202270 3.6963 3.7433 0.5136 3.4091 4.0968 3.4239 3.1912 3.1109 3.0719 3.5002
173 1.203421 3.6942 3.7188 0.5296 3.3726 4.0726 3.3898 3.1524 3.0695 3.0288 3.4659
174 1.204479 3.6925 3.6955 0.5466 3.3333 4.0427 3.3524 3.1113 3.0262 2.9844 3.4282
175 1.205472 3.6911 3.6728 0.5641 3.2923 4.0095 3.3129 3.0689 2.9820 2.9391 3.3886
176 1.206414 3.6899 3.6507 0.5819 3.2500 3.9738 3.2721 3.0255 2.9371 2.8933 3.3476
177 1.207314 3.6889 3.6290 0.5999 3.2069 3.9361 3.2302 2.9814 2.8917 2.8473 3.3055
178 1.208180 3.6881 3.6077 0.6181 3.1631 3.8972 3.1875 2.9368 2.8459 2.8009 3.2627
179 1.209016 3.6873 3.5865 0.6364 3.1188 3.8573 3.1442 2.8918 2.7998 2.7544 3.2192
180 1.209823 3.6866 3.5655 0.6548 3.0741 3.8164 3.1004 2.8464 2.7534 2.7075 3.1752
181 1.210606 3.6860 3.5447 0.6734 3.0290 3.7747 3.0561 2.8007 2.7069 2.6606 3.1308
182 1.211221 3.6855 3.5280 0.6885 2.9923 3.7405 3.0201 2.7635 2.6690 2.6226 3.0946
183 1.211835 3.6850 3.5108 0.7040 2.9545 3.7052 2.9829 2.7252 2.6301 2.5834 3.0573
184 1.212450 3.6845 3.4932 0.7199 2.9158 3.6690 2.9448 2.6860 2.5902 2.5432 3.0190
185 1.213065 3.6841 3.4751 0.7363 2.8759 3.6318 2.9056 2.6457 2.5492 2.5020 2.9797
186 1.213677 3.6835 3.4564 0.7532 2.8346 3.5933 2.8650 2.6040 2.5067 2.4592 2.9390
187 1.214287 3.6830 3.4371 0.7706 2.7922 3.5537 2.8233 2.5611 2.4631 2.4153 2.8972
188 1.214896 3.6825 3.4173 0.7885 2.7485 3.5128 2.7803 2.5168 2.4182 2.3700 2.8539
189 1.215502 3.6820 3.3969 0.8070 2.7035 3.4707 2.7361 2.4714 2.3719 2.3235 2.8095
190 1.216104 3.6814 3.3759 0.8260 2.6571 3.4273 2.6904 2.4244 2.3242 2.2754 2.7637
191 1.216704 3.6808 3.3542 0.8456 2.6094 3.3828 2.6436 2.3763 2.2752 2.2261 2.7167
192 1.217296 3.6802 3.3317 0.8659 2.5600 3.3369 2.5950 2.3262 2.2243 2.1749 2.6680
193 1.217885 3.6796 3.3086 0.8866 2.5095 3.2898 2.5453 2.2751 2.1722 2.1225 2.6181
194 1.218467 3.6789 3.2847 0.9081 2.4572 3.2413 2.4940 2.2222 2.1185 2.0683 2.5666
195 1.219043 3.6782 3.2601 0.9302 2.4036 3.1916 2.4414 2.1680 2.0633 2.0127 2.5137
196 1.219611 3.6775 3.2345 0.9529 2.3486 3.1409 2.3874 2.1122 2.0064 1.9554 2.4595
197 1.220170 3.6767 3.2081 0.9763 2.2917 3.0886 2.3316 2.0547 1.9478 1.8963 2.4036
198 1.220718 3.6758 3.1808 1.0004 2.2331 3.0348 2.2742 1.9952 1.8871 1.8351 2.3459
199 1.221256 3.6749 3.1527 1.0253 2.1731 2.9799 2.2155 1.9344 1.8251 1.7725 2.2868
200 1.221782 3.6740 3.1238 1.0507 2.1117 2.9238 2.1554 1.8721 1.7615 1.7083 2.2264
201 1.222295 3.6730 3.0938 1.0769 2.0486 2.8666 2.0937 1.8080 1.6960 1.6421 2.1645
202 1.222794 3.6720 3.0629 1.1037 1.9839 2.8081 2.0306 1.7423 1.6288 1.5742 2.1009
203 1.223280 3.6709 3.0312 1.1313 1.9178 2.7486 1.9662 1.6753 1.5601 1.5048 2.0362
204 1.223751 3.6698 2.9987 1.1593 1.8504 2.6881 1.9005 1.6067 1.4899 1.4337 1.9701
205 1.224204 3.6685 2.9650 1.1882 1.7816 2.6269 1.8336 1.5367 1.4180 1.3610 1.9028
206 1.224643 3.6672 2.9307 1.2175 1.7116 2.5649 1.7657 1.4655 1.3448 1.2868 1.8344
207 1.225065 3.6659 2.8955 1.2473 1.6404 2.5022 1.6968 1.3930 1.2703 1.2112 1.7649
208 1.225471 3.6644 2.8595 1.2777 1.5681 2.4388 1.6270 1.3193 1.1944 1.1343 1.6944
209 1.225857 3.6629 2.8227 1.3087 1.4948 2.3748 1.5562 1.2446 1.1173 1.0560 1.6229
210 1.226228 3.6614 2.7853 1.3401 1.4205 2.3104 1.4848 1.1689 1.0391 0.9766 1.5506
211 1.226584 3.6598 2.7473 1.3719 1.3455 2.2456 1.4127 1.0924 0.9602 0.8963 1.4777
212 1.226927 3.6582 2.7088 1.4039 1.2700 2.1808 1.3402 1.0153 0.8805 0.8153 1.4044
213 1.227253 3.6565 2.6692 1.4367 1.1933 2.1153 1.2667 0.9369 0.7993 0.7326 1.3298
214 1.227593 3.6546 2.6281 1.4708 1.1136 2.0477 1.1909 0.8556 0.7148 0.6464 1.2528
215 1.227937 3.6532 2.5971 1.4964 1.0533 1.9962 1.1329 0.7940 0.6513 0.5818 1.1941
216 1.228323 3.6522 2.5713 1.5180 1.0022 1.9522 1.0833 0.7418 0.5976 0.5273 1.1443
217 1.228360 3.6521 2.5692 1.5200 0.9978 1.9482 1.0790 0.7373 0.5929 0.5225 1.1400
218 1.228400 3.6520 2.5669 1.5220 0.9931 1.9443 1.0746 0.7326 0.5880 0.5175 1.1354
219 1.228446 3.6519 2.5647 1.5238 0.9887 1.9404 1.0703 0.7281 0.5834 0.5129 1.1311
220 1.228499 3.6519 2.5631 1.5252 0.9852 1.9372 1.0669 0.7246 0.5798 0.5093 1.1278
221 1.228558 3.6519 2.5623 1.5260 0.9834 1.9353 1.0651 0.7227 0.5779 0.5073 1.1259
222 1.228615 3.6519 2.5624 1.5260 0.9832 1.9349 1.0648 0.7225 0.5778 0.5073 1.1256
223 1.228665 3.6520 2.5633 1.5254 0.9845 1.9358 1.0660 0.7239 0.5793 0.5089 1.1268
224 1.228705 3.6521 2.5646 1.5245 0.9867 1.9374 1.0680 0.7262 0.5817 0.5113 1.1289
225 1.228740 3.6522 2.5661 1.5233 0.9892 1.9393 1.0704 0.7288 0.5844 0.5141 1.1314
226 1.228770 3.6523 2.5676 1.5221 0.9920 1.9415 1.0731 0.7316 0.5874 0.5172 1.1340
227 1.229254 3.6551 2.6241 1.4775 1.0952 2.0257 1.1713 0.8377 0.6978 0.6301 1.2336
228 1.229838 3.6521 2.5566 1.5329 0.9662 1.9172 1.0487 0.7057 0.5605 0.4901 1.1089
229 1.230353 3.6484 2.4775 1.5975 0.8168 1.7931 0.9076 0.5529 0.4009 0.3271 0.9650
230 1.230798 3.6447 2.4010 1.6594 0.6746 1.6771 0.7747 0.4072 0.2481 0.1706 0.8287
231 1.231186 3.6410 2.3260 1.7199 0.5370 1.5660 0.6471 0.2661 0.0995 0.0183 0.6973
232 1.231525 3.6374 2.2527 1.7785 0.4039 1.4596 0.5243 0.1296 -0.0450 -0.1299 0.5704
233 1.231821 3.6337 2.1820 1.8350 0.2768 1.3592 0.4082 -0.0010 -0.1836 -0.2724 0.4499
234 1.232083 3.6302 2.1123 1.8904 0.1531 1.2630 0.2967 -0.1280 -0.3193 -0.4120 0.3332
235 1.232314 3.6266 2.0441 1.9442 0.0339 1.1718 0.1909 -0.2505 -0.4509 -0.5478 0.2215
236 1.232520 3.6230 1.9765 1.9975 -0.0827 1.0844 0.0898 -0.3704 -0.5807 -0.6821 0.1132
237 1.232701 3.6193 1.9102 2.0490 -0.1939 1.0030 -0.0044 -0.4851 -0.7063 -0.8122 0.0108
238 1.232862 3.6155 1.8451 2.0993 -0.3016 0.9256 -0.0930 -0.5963 -0.8293 -0.9398 -0.0871
239 1.233007 3.6118 1.7805 2.1490 -0.4062 0.8526 -0.1758 -0.7045 -0.9502 -1.0658 -0.1811
240 1.233136 3.6081 1.7175 2.1972 -0.5060 0.7858 -0.2513 -0.8076 -1.0670 -1.1877 -0.2692
241 1.233252 3.6044 1.6556 2.2443 -0.6017 0.7246 -0.3197 -0.9068 -1.1806 -1.3071 -0.3524
242 1.233356 3.6007 1.5944 2.2906 -0.6945 0.6683 -0.3816 -1.0026 -1.2919 -1.4246 -0.4312
243 1.233450 3.5969 1.5347 2.3355 -0.7826 0.6170 -0.4358 -1.0942 -1.4001 -1.5387 -0.5044
244 1.233535 3.5932 1.4755 2.3798 -0.8679 0.5705 -0.4831 -1.1829 -1.5066 -1.6517 -0.5734
245 1.233611 3.5895 1.4180 2.4227 -0.9483 0.5315 -0.5215 -1.2662 -1.6085 -1.7606 -0.6361
246 1.233680 3.5859 1.3614 2.4647 -1.0256 0.4977 -0.5532 -1.3460 -1.7077 -1.8675 -0.6946
247 1.233743 3.5823 1.3057 2.5060 -1.0994 0.4693 -0.5778 -1.4219 -1.8039 -1.9718 -0.7484
248 1.233802 3.5788 1.2513 2.5462 -1.1697 0.4471 -0.5949 -1.4936 -1.8965 -2.0734 -0.7976
249 1.233854 3.5753 1.1985 2.5853 -1.2366 0.4292 -0.6031 -1.5618 -1.9866 -2.1724 -0.8417
250 1.233902 3.5719 1.1465 2.6237 -1.2998 0.4206 -0.5997 -1.6254 -2.0733 -2.2695 -0.8798
251 1.233946 3.5686 1.0962 2.6610 -1.3591 0.4192 -0.5884 -1.6843 -2.1555 -2.3630 -0.9130
252 1.233987 3.5654 1.0466 2.6976 -1.4147 0.4257 -0.5684 -1.7385 -2.2338 -2.4539 -0.9412
253 1.234024 3.5623 0.9984 2.7331 -1.4663 0.4399 -0.5402 -1.7877 -2.3075 -2.5413 -0.9641
254 1.234058 3.5590 0.9510 2.7680 -1.5144 0.4639 -0.5013 -1.8325 -2.3776 -2.6263 -0.9818
255 1.234090 3.5560 0.9048 2.8018 -1.5588 0.4955 -0.4543 -1.8726 -2.4432 -2.7084 -0.9946
256 1.234120 3.5530 0.8597 2.8350 -1.5980 0.5423 -0.3894 -1.9057 -2.5029 -2.7868 -0.9995
257 1.234147 3.5501 0.8154 2.8674 -1.6295 0.6124 -0.2975 -1.9285 -2.5540 -2.8603 -0.9923
258 1.234172 3.5471 0.7724 2.8989 -1.6545 0.6913 -0.2005 -1.9426 -2.5975 -2.9277 -0.9775
259 1.234196 3.5443 0.7303 2.9295 -1.6770 0.7730 -0.1018 -1.9531 -2.6373 -2.9920 -0.9599
260 1.234219 3.5415 0.6890 2.9597 -1.6970 0.8563 -0.0026 -1.9600 -2.6734 -3.0533 -0.9399
261 1.234239 3.5387 0.6487 2.9890 -1.7146 0.9404 0.0948 -1.9632 -2.7058 -3.1113 -0.9178
262 1.234258 3.5360 0.6092 3.0177 -1.7294 1.0254 0.1902 -1.9626 -2.7342 -3.1659 -0.8933
263 1.234276 3.5334 0.5706 3.0456 -1.7417 1.1091 0.2810 -1.9584 -2.7587 -3.2167 -0.8673
264 1.234293 3.5307 0.5327 3.0728 -1.7515 1.1923 0.3674 -1.9504 -2.7795 -3.2645 -0.8391
265 1.234309 3.5280 0.4955 3.0995 -1.7518 1.2859 0.4495 -1.9276 -2.7894 -3.3045 -0.7992
266 1.234324 3.5254 0.4588 3.1256 -1.7307 1.4154 0.5405 -1.8734 -2.7773 -3.3300 -0.7303
267 1.234339 3.5228 0.4229 3.1510 -1.7099 1.5399 0.6219 -1.8191 -2.7644 -3.3547 -0.6633
268 1.234352 3.5202 0.3877 3.1758 -1.6890 1.6572 0.6914 -1.7642 -2.7499 -3.3778 -0.5983
269 1.234365 3.5176 0.3529 3.2001 -1.6691 1.7647 0.7481 -1.7104 -2.7349 -3.3996 -0.5369
270 1.234376 3.5150 0.3189 3.2238 -1.6522 1.8573 0.7885 -1.6610 -2.7209 -3.4205 -0.4827
271 1.234387 3.5124 0.2854 3.2469 -1.6379 1.9357 0.8140 -1.6159 -2.7077 -3.4396 -0.4356
272 1.234398 3.5098 0.2526 3.2693 -1.6269 1.9973 0.8236 -1.5768 -2.6956 -3.4564 -0.3972
273 1.234408 3.5072 0.2200 3.2914 -1.6220 2.0364 0.8113 -1.5468 -2.6876 -3.4743 -0.3713
274 1.234418 3.5045 0.1878 3.3130 -1.6274 2.0453 0.7716 -1.5312 -2.6872 -3.4957 -0.3634
275 1.234427 3.5020 0.1569 3.3339 -1.6419 2.0389 0.7221 -1.5334 -2.6957 -3.5187 -0.3729
276 1.234436 3.4995 0.1265 3.3545 -1.6448 2.0888 0.7222 -1.5353 -2.6972 -3.5277 -0.3732
277 1.234445 3.4971 0.0971 3.3742 -1.6542 2.1293 0.7213 -1.5434 -2.7061 -3.5435 -0.3787
278 1.234453 3.4948 0.0689 3.3932 -1.6662 2.1632 0.7153 -1.5566 -2.7172 -3.5592 -0.3897
279 1.235385 3.4928 0.0457 3.4088 -1.6799 2.1810 0.7013 -1.5739 -2.7294 -3.5730 -0.4062

