#EEP M/Mo LogTeff LogG LogL/Lo open gp1 rp1 ip1 zp1 yp1 wp1
11 0.116654 3.4951 5.2185 -2.7796 12.2393 14.6667 13.4414 11.9537 11.3075 10.9975 12.8774
12 0.139409 3.4958 5.1477 -2.6290 11.8649 14.2791 13.0600 11.5801 10.9353 10.6235 12.5013
13 0.169214 3.4988 5.0852 -2.4704 11.4611 13.8336 12.6257 11.1756 10.5382 10.2295 12.0874
14 0.197191 3.5034 5.0465 -2.3465 11.1357 13.4476 12.2539 10.8487 10.2226 9.9215 11.7461
15 0.216957 3.5063 5.0210 -2.2681 10.9289 13.2043 12.0196 10.6403 10.0223 9.7257 11.5289
16 0.233289 3.5085 5.0015 -2.2081 10.7704 13.0172 11.8400 10.4805 9.8688 9.5757 11.3621
17 0.249361 3.5107 4.9838 -2.1529 10.6251 12.8452 11.6754 10.3347 9.7283 9.4379 11.2098
18 0.269564 3.5133 4.9643 -2.0892 10.4587 12.6477 11.4872 10.1678 9.5673 9.2796 11.0353
19 0.289790 3.5158 4.9461 -2.0295 10.3023 12.4624 11.3111 10.0109 9.4163 9.1311 10.8715
20 0.303076 3.5175 4.9337 -1.9910 10.2025 12.3442 11.1993 9.9107 9.3196 9.0358 10.7670
21 0.310319 3.5184 4.9283 -1.9717 10.1525 12.2845 11.1432 9.8607 9.2715 8.9883 10.7146
22 0.314834 3.5186 4.9251 -1.9613 10.1263 12.2559 11.1158 9.8346 9.2457 8.9624 10.6881
23 0.317867 3.5186 4.9229 -1.9551 10.1113 12.2412 11.1013 9.8196 9.2305 8.9469 10.6732
24 0.320016 3.5190 4.9231 -1.9506 10.0989 12.2245 11.0859 9.8072 9.2191 8.9361 10.6597
25 0.321659 3.5197 4.9256 -1.9480 10.0906 12.2089 11.0723 9.7985 9.2122 8.9301 10.6491
26 0.323094 3.5198 4.9240 -1.9442 10.0809 12.1980 11.0619 9.7887 9.2027 8.9206 10.6392
27 0.324336 3.5199 4.9210 -1.9391 10.0682 12.1843 11.0488 9.7762 9.1901 8.9079 10.6264
28 0.325499 3.5200 4.9180 -1.9341 10.0555 12.1703 11.0356 9.7635 9.1777 8.8955 10.6135
29 0.326562 3.5202 4.9162 -1.9302 10.0458 12.1592 11.0251 9.7538 9.1682 8.8860 10.6035
30 0.327909 3.5203 4.9138 -1.9255 10.0336 12.1454 11.0122 9.7417 9.1563 8.8742 10.5911
31 0.329057 3.5204 4.9120 -1.9217 10.0242 12.1348 11.0022 9.7321 9.1468 8.8646 10.5814
32 0.331879 3.5207 4.9096 -1.9144 10.0051 12.1124 10.9813 9.7130 9.1283 8.8464 10.5616
33 0.351849 3.5240 4.8930 -1.8631 9.8720 11.9539 10.8366 9.5776 8.9995 8.7205 10.4220
34 0.357717 3.5251 4.8892 -1.8487 9.8346 11.9092 10.7953 9.5394 8.9637 8.6857 10.3824
35 0.365873 3.5265 4.8843 -1.8290 9.7834 11.8473 10.7379 9.4868 8.9146 8.6385 10.3278
36 0.539915 3.5641 4.7351 -1.3550 8.5209 10.2869 9.2718 8.1967 7.7321 7.5070 8.9639
37 0.552824 3.5687 4.7247 -1.3159 8.4120 10.1406 9.1286 8.0855 7.6362 7.4179 8.8399
38 0.567991 3.5744 4.7124 -1.2695 8.2807 9.9623 8.9519 7.9526 7.5225 7.3130 8.6893
39 0.584234 3.5807 4.6996 -1.2189 8.1344 9.7611 8.7502 7.8055 7.3987 7.1994 8.5199
40 0.601385 3.5878 4.6866 -1.1651 7.9744 9.5396 8.5266 7.6455 7.2665 7.0790 8.3332
41 0.618845 3.5953 4.6738 -1.1102 7.8086 9.3099 8.2932 7.4813 7.1327 6.9572 8.1389
42 0.636049 3.6029 4.6620 -1.0557 7.6421 9.0790 8.0588 7.3179 7.0011 6.8375 7.9436
43 0.653823 3.6112 4.6504 -0.9991 7.4668 8.8345 7.8112 7.1475 6.8661 6.7149 7.7371
44 0.671205 3.6194 4.6397 -0.9440 7.2941 8.5933 7.5702 6.9813 6.7349 6.5957 7.5346
45 0.687744 3.6276 4.6301 -0.8914 7.1287 8.3614 7.3450 6.8234 6.6094 6.4813 7.3422
46 0.704045 3.6356 4.6212 -0.8396 6.9662 8.1329 7.1321 6.6698 6.4847 6.3673 7.1562
47 0.719768 3.6436 4.6129 -0.7898 6.8106 7.9133 6.9353 6.5234 6.3634 6.2559 6.9800
48 0.733981 3.6510 4.6057 -0.7447 6.6710 7.7152 6.7662 6.3926 6.2513 6.1530 6.8248
49 0.746503 3.6574 4.5993 -0.7052 6.5502 7.5440 6.6246 6.2796 6.1521 6.0618 6.6920
50 0.757518 3.6630 4.5934 -0.6707 6.4462 7.3972 6.5060 6.1824 6.0652 5.9815 6.5789
51 0.767224 3.6678 4.5880 -0.6402 6.3557 7.2696 6.4047 6.0980 5.9885 5.9106 6.4812
52 0.773703 3.6711 4.5844 -0.6198 6.2959 7.1856 6.3387 6.0422 5.9374 5.8632 6.4170
53 0.780099 3.6743 4.5806 -0.5998 6.2376 7.1040 6.2751 5.9878 5.8872 5.8166 6.3545
54 0.786437 3.6775 4.5768 -0.5801 6.1807 7.0244 6.2135 5.9347 5.8378 5.7706 6.2937
55 0.792746 3.6804 4.5729 -0.5606 6.1247 6.9468 6.1534 5.8825 5.7891 5.7253 6.2342
56 0.799048 3.6834 4.5689 -0.5412 6.0697 6.8709 6.0942 5.8311 5.7413 5.6806 6.1756
57 0.805388 3.6864 4.5648 -0.5220 6.0153 6.7965 6.0361 5.7802 5.6938 5.6362 6.1180
58 0.811811 3.6892 4.5605 -0.5029 5.9614 6.7232 5.9789 5.7299 5.6466 5.5921 6.0609
59 0.818300 3.6920 4.5561 -0.4837 5.9081 6.6511 5.9224 5.6798 5.5997 5.5480 6.0045
60 0.824809 3.6948 4.5514 -0.4645 5.8554 6.5802 5.8668 5.6304 5.5533 5.5044 5.9488
61 0.831292 3.6975 4.5467 -0.4457 5.8033 6.5109 5.8120 5.5816 5.5074 5.4612 5.8940
62 0.837687 3.7002 4.5420 -0.4270 5.7523 6.4432 5.7583 5.5337 5.4623 5.4187 5.8402
63 0.843953 3.7027 4.5371 -0.4086 5.7023 6.3773 5.7059 5.4867 5.4182 5.3769 5.7876
64 0.850031 3.7052 4.5321 -0.3906 5.6536 6.3137 5.6550 5.4408 5.3750 5.3361 5.7365
65 0.855886 3.7075 4.5272 -0.3731 5.6064 6.2521 5.6056 5.3964 5.3333 5.2964 5.6869
66 0.861543 3.7099 4.5223 -0.3560 5.5605 6.1929 5.5578 5.3533 5.2926 5.2578 5.6389
67 0.867023 3.7121 4.5173 -0.3393 5.5160 6.1355 5.5115 5.3114 5.2530 5.2201 5.5922
68 0.872353 3.7143 4.5122 -0.3230 5.4727 6.0801 5.4664 5.2704 5.2144 5.1833 5.5469
69 0.877553 3.7164 4.5072 -0.3070 5.4304 6.0263 5.4224 5.2305 5.1767 5.1472 5.5027
70 0.882639 3.7184 4.5021 -0.2913 5.3890 5.9741 5.3796 5.1915 5.1397 5.1119 5.4595
71 0.887628 3.7203 4.4969 -0.2759 5.3486 5.9234 5.3377 5.1532 5.1035 5.0771 5.4174
72 0.892535 3.7222 4.4917 -0.2608 5.3090 5.8740 5.2967 5.1156 5.0678 5.0429 5.3761
73 0.897376 3.7240 4.4863 -0.2458 5.2700 5.8256 5.2565 5.0787 5.0327 5.0091 5.3356
74 0.902158 3.7258 4.4809 -0.2311 5.2318 5.7784 5.2169 5.0423 4.9982 4.9758 5.2959
75 0.906894 3.7275 4.4754 -0.2165 5.1940 5.7321 5.1781 5.0065 4.9641 4.9429 5.2566
76 0.911545 3.7291 4.4699 -0.2022 5.1570 5.6870 5.1400 4.9714 4.9305 4.9105 5.2183
77 0.916122 3.7307 4.4644 -0.1882 5.1207 5.6429 5.1027 4.9368 4.8976 4.8786 5.1808
78 0.920605 3.7322 4.4588 -0.1743 5.0852 5.5998 5.0662 4.9029 4.8653 4.8473 5.1439
79 0.925002 3.7337 4.4531 -0.1607 5.0504 5.5579 5.0304 4.8698 4.8335 4.8166 5.1079
80 0.929314 3.7351 4.4473 -0.1473 5.0163 5.5170 4.9954 4.8373 4.8024 4.7865 5.0727
81 0.933542 3.7365 4.4417 -0.1342 4.9829 5.4770 4.9612 4.8055 4.7719 4.7568 5.0382
82 0.937089 3.7376 4.4368 -0.1232 4.9548 5.4437 4.9325 4.7787 4.7463 4.7318 5.0093
83 0.940563 3.7387 4.4319 -0.1124 4.9275 5.4112 4.9045 4.7524 4.7211 4.7073 4.9811
84 0.943967 3.7397 4.4270 -0.1018 4.9005 5.3794 4.8769 4.7268 4.6964 4.6834 4.9533
85 0.947306 3.7407 4.4221 -0.0914 4.8742 5.3484 4.8500 4.7015 4.6722 4.6597 4.9262
86 0.950586 3.7417 4.4171 -0.0812 4.8484 5.3181 4.8237 4.6768 4.6482 4.6365 4.8996
87 0.953802 3.7426 4.4123 -0.0711 4.8230 5.2883 4.7978 4.6525 4.6249 4.6136 4.8735
88 0.956962 3.7434 4.4074 -0.0613 4.7981 5.2593 4.7724 4.6285 4.6019 4.5911 4.8479
89 0.960064 3.7443 4.4025 -0.0515 4.7737 5.2309 4.7474 4.6051 4.5792 4.5690 4.8229
90 0.963106 3.7452 4.3977 -0.0420 4.7497 5.2032 4.7230 4.5821 4.5570 4.5473 4.7982
91 0.966097 3.7460 4.3929 -0.0327 4.7261 5.1760 4.6990 4.5594 4.5351 4.5259 4.7741
92 0.969031 3.7467 4.3880 -0.0235 4.7031 5.1495 4.6755 4.5372 4.5136 4.5048 4.7505
93 0.971917 3.7475 4.3831 -0.0144 4.6805 5.1235 4.6525 4.5154 4.4924 4.4840 4.7272
94 0.974751 3.7482 4.3784 -0.0056 4.6582 5.0982 4.6300 4.4940 4.4717 4.4637 4.7045
95 0.977536 3.7488 4.3736 0.0031 4.6363 5.0733 4.6078 4.4730 4.4512 4.4436 4.6822
96 0.980276 3.7494 4.3688 0.0117 4.6150 5.0490 4.5861 4.4523 4.4312 4.4240 4.6603
97 0.982965 3.7500 4.3640 0.0201 4.5940 5.0253 4.5648 4.4320 4.4115 4.4045 4.6389
98 0.985612 3.7506 4.3593 0.0283 4.5734 5.0021 4.5439 4.4121 4.3921 4.3856 4.6179
99 0.988212 3.7512 4.3545 0.0364 4.5532 4.9796 4.5235 4.3926 4.3731 4.3668 4.5973
100 0.990757 3.7517 4.3499 0.0443 4.5336 4.9576 4.5036 4.3735 4.3546 4.3485 4.5773
101 0.993243 3.7521 4.3452 0.0520 4.5145 4.9364 4.4842 4.3549 4.3364 4.3306 4.5578
102 0.994955 3.7526 4.3416 0.0578 4.4998 4.9201 4.4694 4.3407 4.3226 4.3170 4.5429
103 0.996034 3.7530 4.3393 0.0621 4.4893 4.9080 4.4587 4.3307 4.3128 4.3074 4.5321
104 0.998457 3.7534 4.3348 0.0694 4.4712 4.8880 4.4404 4.3130 4.2955 4.2904 4.5137
105 1.000918 3.7537 4.3301 0.0765 4.4531 4.8683 4.4221 4.2954 4.2783 4.2733 4.4954
106 1.003301 3.7541 4.3255 0.0836 4.4356 4.8491 4.4044 4.2782 4.2615 4.2566 4.4776
107 1.005566 3.7544 4.3211 0.0904 4.4187 4.8307 4.3874 4.2617 4.2452 4.2406 4.4604
108 1.007709 3.7547 4.3166 0.0970 4.4022 4.8131 4.3709 4.2457 4.2295 4.2251 4.4438
109 1.009744 3.7550 4.3123 0.1033 4.3864 4.7959 4.3549 4.2302 4.2142 4.2099 4.4277
110 1.011685 3.7553 4.3080 0.1096 4.3708 4.7791 4.3391 4.2150 4.1992 4.1951 4.4119
111 1.013566 3.7556 4.3037 0.1157 4.3556 4.7627 4.3238 4.2000 4.1845 4.1805 4.3965
112 1.015168 3.7558 4.3000 0.1208 4.3428 4.7491 4.3110 4.1875 4.1721 4.1683 4.3836
113 1.016805 3.7560 4.2962 0.1261 4.3298 4.7352 4.2978 4.1747 4.1595 4.1557 4.3705
114 1.018475 3.7561 4.2924 0.1314 4.3165 4.7211 4.2845 4.1616 4.1465 4.1429 4.3570
115 1.020185 3.7563 4.2885 0.1369 4.3030 4.7068 4.2709 4.1483 4.1334 4.1299 4.3434
116 1.021924 3.7565 4.2844 0.1424 4.2893 4.6922 4.2570 4.1347 4.1201 4.1166 4.3295
117 1.023661 3.7567 4.2804 0.1479 4.2753 4.6773 4.2430 4.1211 4.1065 4.1032 4.3154
118 1.025411 3.7569 4.2761 0.1536 4.2611 4.6623 4.2288 4.1071 4.0927 4.0895 4.3011
119 1.027190 3.7571 4.2719 0.1594 4.2466 4.6469 4.2142 4.0929 4.0787 4.0756 4.2865
120 1.029005 3.7573 4.2676 0.1654 4.2319 4.6312 4.1994 4.0784 4.0644 4.0614 4.2716
121 1.030852 3.7575 4.2632 0.1714 4.2168 4.6152 4.1842 4.0636 4.0497 4.0468 4.2563
122 1.032665 3.7578 4.2587 0.1776 4.2012 4.5985 4.1685 4.0483 4.0346 4.0318 4.2406
123 1.034474 3.7580 4.2541 0.1841 4.1852 4.5814 4.1524 4.0326 4.0192 4.0166 4.2244
124 1.036326 3.7583 4.2494 0.1906 4.1690 4.5640 4.1360 4.0167 4.0035 4.0010 4.2080
125 1.038225 3.7585 4.2447 0.1973 4.1524 4.5462 4.1194 4.0004 3.9875 3.9852 4.1912
126 1.040159 3.7588 4.2398 0.2040 4.1355 4.5280 4.1024 3.9838 3.9711 3.9689 4.1741
127 1.042124 3.7591 4.2346 0.2110 4.1181 4.5096 4.0848 3.9667 3.9543 3.9522 4.1566
128 1.044125 3.7593 4.2292 0.2182 4.1003 4.4908 4.0670 3.9493 3.9370 3.9350 4.1386
129 1.046164 3.7595 4.2235 0.2254 4.0821 4.4716 4.0487 3.9313 3.9191 3.9173 4.1203
130 1.048237 3.7596 4.2176 0.2329 4.0635 4.4522 4.0300 3.9129 3.9009 3.8992 4.1016
131 1.050343 3.7599 4.2115 0.2406 4.0444 4.4324 4.0109 3.8940 3.8822 3.8805 4.0823
132 1.052486 3.7600 4.2050 0.2484 4.0249 4.4122 3.9913 3.8746 3.8628 3.8612 4.0627
133 1.054663 3.7600 4.1982 0.2564 4.0047 4.3916 3.9711 3.8545 3.8428 3.8414 4.0425
134 1.056865 3.7601 4.1910 0.2647 3.9841 4.3707 3.9505 3.8341 3.8224 3.8209 4.0219
135 1.059074 3.7601 4.1837 0.2731 3.9633 4.3498 3.9298 3.8133 3.8016 3.8001 4.0011
136 1.061270 3.7601 4.1761 0.2814 3.9424 4.3287 3.9088 3.7924 3.7806 3.7791 3.9801
137 1.063436 3.7601 4.1684 0.2898 3.9214 4.3079 3.8879 3.7713 3.7595 3.7580 3.9592
138 1.065570 3.7600 4.1605 0.2982 3.9006 4.2873 3.8671 3.7504 3.7384 3.7369 3.9384
139 1.067660 3.7598 4.1525 0.3065 3.8799 4.2671 3.8467 3.7297 3.7175 3.7159 3.9179
140 1.069701 3.7597 4.1446 0.3146 3.8596 4.2474 3.8265 3.7092 3.6969 3.6952 3.8976
141 1.071689 3.7595 4.1366 0.3226 3.8397 4.2283 3.8066 3.6891 3.6765 3.6747 3.8779
142 1.073623 3.7592 4.1287 0.3304 3.8201 4.2096 3.7873 3.6693 3.6566 3.6546 3.8585
143 1.075505 3.7590 4.1206 0.3380 3.8010 4.1915 3.7683 3.6500 3.6369 3.6348 3.8397
144 1.077335 3.7586 4.1126 0.3455 3.7824 4.1741 3.7499 3.6310 3.6176 3.6154 3.8212
145 1.079116 3.7583 4.1047 0.3528 3.7643 4.1572 3.7319 3.6125 3.5988 3.5964 3.8033
146 1.080852 3.7579 4.0967 0.3599 3.7465 4.1410 3.7144 3.5944 3.5802 3.5776 3.7859
147 1.082544 3.7575 4.0887 0.3668 3.7292 4.1254 3.6974 3.5766 3.5621 3.5592 3.7689
148 1.084199 3.7569 4.0807 0.3735 3.7125 4.1106 3.6809 3.5593 3.5441 3.5411 3.7524
149 1.085819 3.7564 4.0725 0.3801 3.6960 4.0964 3.6648 3.5423 3.5266 3.5233 3.7365
150 1.087411 3.7557 4.0642 0.3865 3.6800 4.0829 3.6492 3.5257 3.5094 3.5057 3.7209
151 1.088980 3.7550 4.0558 0.3927 3.6645 4.0700 3.6340 3.5094 3.4924 3.4883 3.7059
152 1.090535 3.7543 4.0473 0.3988 3.6493 4.0580 3.6193 3.4934 3.4757 3.4712 3.6913
153 1.092083 3.7534 4.0385 0.4047 3.6346 4.0468 3.6051 3.4778 3.4592 3.4543 3.6772
154 1.093631 3.7524 4.0294 0.4103 3.6204 4.0367 3.5915 3.4625 3.4429 3.4375 3.6636
155 1.095191 3.7512 4.0198 0.4159 3.6067 4.0278 3.5785 3.4476 3.4267 3.4208 3.6508
156 1.096781 3.7498 4.0095 0.4211 3.5938 4.0205 3.5664 3.4331 3.4110 3.4042 3.6389
157 1.098407 3.7481 3.9985 0.4261 3.5818 4.0157 3.5555 3.4194 3.3955 3.3880 3.6282
158 1.100079 3.7460 3.9865 0.4302 3.5717 4.0147 3.5467 3.4070 3.3810 3.3724 3.6198
159 1.101742 3.7434 3.9738 0.4333 3.5647 4.0190 3.5412 3.3971 3.3685 3.3585 3.6147
160 1.103276 3.7405 3.9615 0.4348 3.5621 4.0293 3.5403 3.3911 3.3597 3.3483 3.6142
161 1.104560 3.7377 3.9505 0.4345 3.5637 4.0444 3.5439 3.3896 3.3551 3.3422 3.6183
162 1.105809 3.7342 3.9395 0.4326 3.5702 4.0665 3.5526 3.3923 3.3544 3.3396 3.6274
163 1.107026 3.7303 3.9272 0.4292 3.5809 4.0960 3.5661 3.3986 3.3565 3.3396 3.6414
164 1.108213 3.7256 3.9140 0.4243 3.5962 4.1331 3.5848 3.4090 3.3619 3.3423 3.6606
165 1.109380 3.7204 3.8992 0.4187 3.6147 4.1769 3.6072 3.4219 3.3693 3.3465 3.6834
166 1.110555 3.7146 3.8816 0.4138 3.6328 4.2237 3.6300 3.4338 3.3750 3.3486 3.7065
167 1.111772 3.7086 3.8595 0.4122 3.6439 4.2661 3.6464 3.4386 3.3730 3.3425 3.7232
168 1.112983 3.7030 3.8327 0.4171 3.6395 4.2916 3.6473 3.4282 3.3562 3.3218 3.7240
169 1.114079 3.6987 3.8045 0.4283 3.6182 4.2941 3.6303 3.4024 3.3252 3.2876 3.7070
170 1.115020 3.6956 3.7776 0.4434 3.5858 4.2790 3.6012 3.3669 3.2860 3.2460 3.6777
171 1.115847 3.6934 3.7522 0.4601 3.5480 4.2536 3.5657 3.3266 3.2429 3.2013 3.6420
172 1.116599 3.6917 3.7281 0.4777 3.5070 4.2221 3.5267 3.2839 3.1980 3.1552 3.6028
173 1.117299 3.6903 3.7049 0.4959 3.4641 4.1867 3.4854 3.2398 3.1521 3.1083 3.5612
174 1.117960 3.6892 3.6823 0.5143 3.4199 4.1485 3.4425 3.1945 3.1055 3.0609 3.5182
175 1.118589 3.6883 3.6602 0.5331 3.3748 4.1084 3.3984 3.1485 3.0582 3.0130 3.4740
176 1.119194 3.6876 3.6385 0.5521 3.3288 4.0665 3.3535 3.1019 3.0106 2.9650 3.4288
177 1.119778 3.6869 3.6170 0.5712 3.2823 4.0234 3.3078 3.0547 2.9625 2.9166 3.3830
178 1.120343 3.6864 3.5957 0.5905 3.2353 3.9794 3.2615 3.0072 2.9142 2.8679 3.3366
179 1.120892 3.6858 3.5744 0.6099 3.1878 3.9347 3.2148 2.9593 2.8655 2.8190 3.2898
180 1.121428 3.6854 3.5533 0.6294 3.1401 3.8893 3.1676 2.9111 2.8167 2.7699 3.2424
181 1.121946 3.6849 3.5319 0.6490 3.0920 3.8438 3.1203 2.8626 2.7674 2.7204 3.1949
182 1.122357 3.6845 3.5148 0.6649 3.0531 3.8067 3.0818 2.8234 2.7277 2.6806 3.1564
183 1.122767 3.6842 3.4974 0.6810 3.0134 3.7687 3.0426 2.7834 2.6873 2.6400 3.1170
184 1.123175 3.6838 3.4795 0.6976 2.9729 3.7301 3.0027 2.7425 2.6458 2.5983 3.0769
185 1.123581 3.6834 3.4613 0.7144 2.9315 3.6908 2.9619 2.7009 2.6036 2.5560 3.0360
186 1.123988 3.6830 3.4430 0.7314 2.8900 3.6511 2.9207 2.6589 2.5611 2.5133 2.9948
187 1.124392 3.6826 3.4244 0.7485 2.8479 3.6112 2.8793 2.6164 2.5181 2.4701 2.9532
188 1.124792 3.6822 3.4048 0.7664 2.8041 3.5698 2.8361 2.5723 2.4732 2.4250 2.9098
189 1.125191 3.6818 3.3850 0.7846 2.7597 3.5278 2.7923 2.5274 2.4278 2.3793 2.8658
190 1.125583 3.6813 3.3641 0.8036 2.7131 3.4839 2.7464 2.4804 2.3800 2.3313 2.8198
191 1.125970 3.6808 3.3425 0.8233 2.6650 3.4386 2.6991 2.4318 2.3307 2.2818 2.7723
192 1.126351 3.6802 3.3198 0.8439 2.6149 3.3916 2.6497 2.3811 2.2792 2.2300 2.7227
193 1.126726 3.6795 3.2963 0.8652 2.5630 3.3430 2.5987 2.3287 2.2259 2.1763 2.6715
194 1.127096 3.6789 3.2721 0.8869 2.5099 3.2934 2.5464 2.2750 2.1713 2.1214 2.6191
195 1.127457 3.6782 3.2467 0.9097 2.4545 3.2420 2.4920 2.2189 2.1144 2.0640 2.5645
196 1.127810 3.6775 3.2205 0.9331 2.3975 3.1892 2.4360 2.1613 2.0556 2.0048 2.5083
197 1.128156 3.6767 3.1931 0.9574 2.3386 3.1349 2.3783 2.1016 1.9948 1.9436 2.4503
198 1.128493 3.6758 3.1648 0.9823 2.2783 3.0796 2.3192 2.0404 1.9325 1.8806 2.3909
199 1.128822 3.6749 3.1357 1.0079 2.2165 3.0231 2.2586 1.9777 1.8684 1.8161 2.3301
200 1.129143 3.6740 3.1057 1.0341 2.1531 2.9656 2.1967 1.9135 1.8029 1.7498 2.2679
201 1.129453 3.6729 3.0746 1.0612 2.0879 2.9063 2.1330 1.8473 1.7351 1.6814 2.2038
202 1.129754 3.6718 3.0428 1.0888 2.0215 2.8464 2.0682 1.7798 1.6662 1.6117 2.1386
203 1.130045 3.6707 3.0100 1.1171 1.9535 2.7853 2.0019 1.7108 1.5955 1.5401 2.0720
204 1.130325 3.6694 2.9763 1.1461 1.8842 2.7235 1.9345 1.6403 1.5231 1.4669 2.0041
205 1.130596 3.6682 2.9417 1.1755 1.8140 2.6612 1.8663 1.5687 1.4496 1.3925 1.9354
206 1.130856 3.6668 2.9062 1.2056 1.7423 2.5981 1.7968 1.4957 1.3746 1.3164 1.8654
207 1.131104 3.6653 2.8700 1.2361 1.6695 2.5342 1.7265 1.4216 1.2983 1.2390 1.7944
208 1.131343 3.6638 2.8330 1.2672 1.5957 2.4698 1.6552 1.3465 1.2207 1.1603 1.7225
209 1.131571 3.6623 2.7954 1.2988 1.5212 2.4051 1.5835 1.2704 1.1424 1.0806 1.6500
210 1.131788 3.6607 2.7570 1.3308 1.4456 2.3398 1.5109 1.1934 1.0627 0.9997 1.5765
211 1.131992 3.6589 2.7164 1.3645 1.3664 2.2719 1.4349 1.1124 0.9789 0.9145 1.4996
212 1.132194 3.6571 2.6735 1.4001 1.2831 2.2009 1.3557 1.0274 0.8907 0.8246 1.4190
213 1.132394 3.6553 2.6329 1.4336 1.2048 2.1345 1.2810 0.9474 0.8077 0.7399 1.3431
214 1.132606 3.6536 2.5958 1.4643 1.1328 2.0730 1.2119 0.8738 0.7314 0.6623 1.2732
215 1.132814 3.6525 2.5682 1.4873 1.0784 2.0263 1.1591 0.8184 0.6745 0.6045 1.2201
216 1.133100 3.6515 2.5434 1.5083 1.0286 1.9829 1.1108 0.7676 0.6223 0.5516 1.1715
217 1.133138 3.6515 2.5428 1.5090 1.0269 1.9811 1.1091 0.7659 0.6206 0.5499 1.1698
218 1.133174 3.6516 2.5435 1.5086 1.0277 1.9815 1.1099 0.7668 0.6215 0.5508 1.1705
219 1.133209 3.6517 2.5455 1.5071 1.0313 1.9842 1.1132 0.7705 0.6253 0.5547 1.1739
220 1.133239 3.6518 2.5485 1.5047 1.0366 1.9884 1.1182 0.7759 0.6311 0.5606 1.1791
221 1.133264 3.6521 2.5519 1.5021 1.0427 1.9933 1.1240 0.7822 0.6376 0.5673 1.1849
222 1.133287 3.6523 2.5555 1.4992 1.0492 1.9986 1.1302 0.7890 0.6447 0.5746 1.1913
223 1.133309 3.6525 2.5596 1.4960 1.0566 2.0045 1.1372 0.7965 0.6527 0.5828 1.1984
224 1.133330 3.6527 2.5642 1.4925 1.0648 2.0110 1.1450 0.8050 0.6615 0.5918 1.2062
225 1.133351 3.6529 2.5691 1.4885 1.0738 2.0183 1.1535 0.8143 0.6710 0.6016 1.2149
226 1.133371 3.6532 2.5740 1.4845 1.0833 2.0265 1.1627 0.8239 0.6811 0.6118 1.2241
227 1.133683 3.6530 2.5653 1.4926 1.0643 2.0090 1.1446 0.8047 0.6612 0.5916 1.2056
228 1.133997 3.6492 2.4832 1.5593 0.9099 1.8810 0.9988 0.6466 0.4961 0.4230 1.0568
229 1.134264 3.6454 2.4059 1.6217 0.7665 1.7639 0.8645 0.4997 0.3420 0.2653 0.9192
230 1.134496 3.6417 2.3308 1.6822 0.6287 1.6526 0.7365 0.3584 0.1933 0.1129 0.7876
231 1.134702 3.6379 2.2562 1.7419 0.4932 1.5444 0.6114 0.2194 0.0463 -0.0379 0.6585
232 1.134882 3.6343 2.1844 1.7990 0.3644 1.4427 0.4937 0.0872 -0.0942 -0.1822 0.5364
233 1.135036 3.6307 2.1150 1.8542 0.2413 1.3468 0.3822 -0.0393 -0.2291 -0.3212 0.4201
234 1.135176 3.6271 2.0455 1.9090 0.1200 1.2540 0.2744 -0.1640 -0.3631 -0.4593 0.3064
235 1.135298 3.6234 1.9777 1.9622 0.0035 1.1668 0.1732 -0.2840 -0.4929 -0.5936 0.1980
236 1.135407 3.6196 1.9108 2.0142 -0.1091 1.0843 0.0780 -0.4000 -0.6199 -0.7251 0.0945
237 1.135503 3.6158 1.8451 2.0649 -0.2175 1.0064 -0.0113 -0.5121 -0.7439 -0.8537 -0.0042
238 1.135589 3.6121 1.7807 2.1144 -0.3217 0.9339 -0.0940 -0.6198 -0.8643 -0.9791 -0.0977
239 1.135666 3.6083 1.7167 2.1632 -0.4229 0.8662 -0.1705 -0.7245 -0.9827 -1.1029 -0.1872
240 1.135735 3.6046 1.6542 2.2107 -0.5193 0.8046 -0.2394 -0.8243 -1.0971 -1.2231 -0.2708
241 1.135798 3.6007 1.5924 2.2573 -0.6123 0.7487 -0.3011 -0.9204 -1.2091 -1.3412 -0.3498
242 1.135853 3.5970 1.5319 2.3028 -0.7016 0.6966 -0.3560 -1.0132 -1.3187 -1.4571 -0.4239
243 1.135903 3.5933 1.4728 2.3469 -0.7865 0.6508 -0.4025 -1.1016 -1.4248 -1.5696 -0.4924
244 1.135948 3.5895 1.4143 2.3905 -0.8679 0.6115 -0.4412 -1.1861 -1.5284 -1.6803 -0.5558
245 1.135990 3.5858 1.3572 2.4328 -0.9456 0.5774 -0.4729 -1.2663 -1.6285 -1.7880 -0.6146
246 1.136027 3.5822 1.3013 2.4741 -1.0195 0.5495 -0.4969 -1.3423 -1.7248 -1.8926 -0.6681
247 1.136062 3.5786 1.2463 2.5148 -1.0902 0.5280 -0.5130 -1.4143 -1.8183 -1.9951 -0.7171
248 1.136093 3.5750 1.1928 2.5543 -1.1572 0.5116 -0.5194 -1.4827 -1.9091 -2.0951 -0.7607
249 1.136121 3.5716 1.1406 2.5928 -1.2200 0.5050 -0.5135 -1.5459 -1.9957 -2.1925 -0.7980
250 1.136147 3.5683 1.0893 2.6306 -1.2800 0.5051 -0.5003 -1.6053 -2.0790 -2.2876 -0.8310
251 1.136172 3.5650 1.0393 2.6674 -1.3354 0.5135 -0.4780 -1.6591 -2.1574 -2.3790 -0.8583
252 1.136193 3.5618 0.9907 2.7034 -1.3876 0.5293 -0.4471 -1.7089 -2.2321 -2.4678 -0.8811
253 1.136213 3.5586 0.9430 2.7383 -1.4354 0.5556 -0.4053 -1.7534 -2.3023 -2.5534 -0.8979
254 1.136232 3.5555 0.8962 2.7726 -1.4797 0.5896 -0.3555 -1.7928 -2.3680 -2.6361 -0.9096
255 1.136250 3.5524 0.8504 2.8061 -1.5176 0.6436 -0.2818 -1.8241 -2.4267 -2.7148 -0.9114
256 1.136266 3.5494 0.8057 2.8388 -1.5458 0.7203 -0.1858 -1.8422 -2.4746 -2.7864 -0.8993
257 1.136280 3.5465 0.7622 2.8705 -1.5700 0.8023 -0.0858 -1.8548 -2.5173 -2.8538 -0.8826
258 1.136294 3.5436 0.7195 2.9016 -1.5912 0.8879 0.0167 -1.8632 -2.5558 -2.9178 -0.8626
259 1.136307 3.5407 0.6778 2.9319 -1.6102 0.9737 0.1176 -1.8684 -2.5908 -2.9787 -0.8410
260 1.136319 3.5379 0.6372 2.9614 -1.6260 1.0613 0.2171 -1.8690 -2.6212 -3.0353 -0.8164
261 1.136331 3.5352 0.5972 2.9904 -1.6398 1.1481 0.3134 -1.8668 -2.6483 -3.0894 -0.7904
262 1.136342 3.5325 0.5579 3.0188 -1.6516 1.2332 0.4043 -1.8612 -2.6721 -3.1403 -0.7631
263 1.136352 3.5297 0.5194 3.0463 -1.6618 1.3148 0.4877 -1.8529 -2.6930 -3.1889 -0.7353
264 1.136361 3.5270 0.4816 3.0733 -1.6517 1.4290 0.5758 -1.8139 -2.6926 -3.2235 -0.6799
265 1.136369 3.5243 0.4446 3.0995 -1.6316 1.5583 0.6640 -1.7603 -2.6814 -3.2509 -0.6119
266 1.136377 3.5216 0.4081 3.1253 -1.6101 1.6832 0.7423 -1.7041 -2.6674 -3.2757 -0.5439
267 1.136385 3.5188 0.3720 3.1503 -1.5886 1.7997 0.8077 -1.6477 -2.6517 -3.2982 -0.4783
268 1.136393 3.5161 0.3369 3.1749 -1.5689 1.9033 0.8583 -1.5939 -2.6360 -3.3194 -0.4182
269 1.136400 3.5136 0.3022 3.1987 -1.5497 1.9956 0.8960 -1.5421 -2.6188 -3.3364 -0.3628
270 1.136406 3.5109 0.2681 3.2222 -1.5346 2.0696 0.9156 -1.4969 -2.6035 -3.3521 -0.3172
271 1.136413 3.5082 0.2344 3.2450 -1.5257 2.1206 0.9128 -1.4608 -2.5921 -3.3686 -0.2840
272 1.136419 3.5053 0.2010 3.2673 -1.5263 2.1418 0.8819 -1.4379 -2.5874 -3.3883 -0.2679
273 1.136424 3.5027 0.1686 3.2891 -1.5432 2.1226 0.8192 -1.4382 -2.5968 -3.4153 -0.2782
274 1.136430 3.5001 0.1370 3.3104 -1.5475 2.1712 0.8179 -1.4387 -2.5999 -3.4280 -0.2773
275 1.136435 3.4976 0.1061 3.3312 -1.5558 2.2173 0.8201 -1.4449 -2.6079 -3.4442 -0.2805
276 1.136440 3.4951 0.0760 3.3514 -1.5675 2.2562 0.8166 -1.4570 -2.6191 -3.4605 -0.2900
277 1.136445 3.4927 0.0466 3.3710 -1.5842 2.2793 0.8007 -1.4777 -2.6341 -3.4778 -0.3094
278 1.136449 3.4904 0.0187 3.3897 -1.6038 2.2901 0.7769 -1.5035 -2.6513 -3.4951 -0.3351
279 1.137223 3.4885 -0.0020 3.4034 -1.6185 2.2944 0.7557 -1.5248 -2.6637 -3.5058 -0.3569
