#AGE= 1.750 EEPS=274
#EEP M/Mo LogTeff LogG LogL/Lo open gp1 rp1 ip1 zp1 yp1 wp1
4 0.110479 3.5081 5.2788 -2.8120 12.2409 14.4913 13.2528 11.9315 11.3507 11.0947 12.8015
5 0.126253 3.5081 5.2166 -2.6916 11.9390 14.1814 12.9469 11.6301 11.0503 10.7935 12.4984
6 0.151936 3.5092 5.1422 -2.5325 11.5358 13.7550 12.5270 11.2268 10.6518 10.3960 12.0894
7 0.202874 3.5168 5.0683 -2.3025 10.9323 13.0508 11.8440 10.6209 10.0706 9.8252 11.4564
8 0.256055 3.5246 5.0186 -2.1209 10.4578 12.4864 11.3028 10.1454 9.6184 9.3787 10.9559
9 0.298159 3.5305 4.9868 -1.9990 10.1356 12.1008 10.9317 9.8221 9.3137 9.0801 10.6138
10 0.311135 3.5323 4.9741 -1.9605 10.0340 11.9801 10.8151 9.7201 9.2177 8.9861 10.5061
11 0.316698 3.5331 4.9669 -1.9425 9.9871 11.9254 10.7622 9.6731 9.1731 8.9423 10.4567
12 0.321257 3.5336 4.9588 -1.9263 9.9455 11.8786 10.7169 9.6316 9.1329 8.9024 10.4135
13 0.325426 3.5341 4.9515 -1.9112 9.9068 11.8345 10.6746 9.5928 9.0956 8.8654 10.3734
14 0.330084 3.5346 4.9437 -1.8952 9.8657 11.7881 10.6302 9.5518 9.0558 8.8260 10.3310
15 0.335921 3.5354 4.9364 -1.8774 9.8197 11.7343 10.5789 9.5056 9.0117 8.7824 10.2827
16 0.349120 3.5372 4.9261 -1.8435 9.7308 11.6272 10.4776 9.4161 8.9270 8.6995 10.1885
17 0.374846 3.5414 4.9087 -1.7803 9.5627 11.4200 10.2830 9.2456 8.7687 8.5464 10.0082
18 0.396431 3.5455 4.8882 -1.7202 9.4026 11.2259 10.0985 9.0823 8.6187 8.4029 9.8358
19 0.455369 3.5583 4.8329 -1.5500 8.9421 10.6595 9.5499 8.6196 8.1996 8.0002 9.3351
20 0.467380 3.5616 4.8203 -1.5136 8.8430 10.5352 9.4285 8.5186 8.1103 7.9160 9.2255
21 0.481727 3.5656 4.8053 -1.4691 8.7216 10.3822 9.2792 8.3964 8.0024 7.8135 9.0912
22 0.492704 3.5690 4.7928 -1.4331 8.6213 10.2544 9.1523 8.2969 7.9157 7.7311 8.9794
23 0.499389 3.5710 4.7840 -1.4096 8.5548 10.1690 9.0658 8.2326 7.8600 7.6779 8.9050
24 0.502926 3.5719 4.7780 -1.3966 8.5199 10.1293 9.0266 8.2001 7.8304 7.6477 8.8684
25 0.505337 3.5721 4.7731 -1.3876 8.5047 10.1205 9.0224 8.1860 7.8130 7.6271 8.8573
26 0.509029 3.5727 4.7672 -1.3750 8.4812 10.0984 9.0083 8.1609 7.7841 7.5963 8.8371
27 0.515191 3.5745 4.7595 -1.3540 8.4313 10.0364 8.9487 8.1081 7.7345 7.5479 8.7832
28 0.524757 3.5779 4.7498 -1.3223 8.3456 9.9231 8.8336 8.0204 7.6587 7.4766 8.6853
29 0.539105 3.5835 4.7379 -1.2762 8.2135 9.7450 8.6540 7.8880 7.5480 7.3737 8.5329
30 0.558744 3.5919 4.7237 -1.2140 8.0301 9.4942 8.4047 7.7069 7.3986 7.2356 8.3211
31 0.585595 3.6038 4.7065 -1.1296 7.7776 9.1458 8.0634 7.4611 7.1987 7.0510 8.0292
32 0.706334 3.6575 4.6551 -0.7922 6.7705 7.7318 6.8616 6.5133 6.3745 6.2883 6.9155
33 0.725645 3.6666 4.6452 -0.7330 6.6043 7.4989 6.6717 6.3562 6.2347 6.1561 6.7347
34 0.745986 3.6770 4.6368 -0.6702 6.4255 7.2423 6.4699 6.1891 6.0850 6.0155 6.5404
35 0.770187 3.6894 4.6279 -0.5971 6.2156 6.9407 6.2400 5.9940 5.9067 5.8489 6.3145
36 0.803694 3.7060 4.6159 -0.4986 5.9383 6.5540 5.9450 5.7360 5.6674 5.6248 6.0192
37 0.912102 3.7503 4.5629 -0.2094 5.1900 5.5976 5.1674 5.0344 5.0099 4.9999 5.2348
38 0.925614 3.7543 4.5537 -0.1781 5.1124 5.5033 5.0880 4.9613 4.9405 4.9329 5.1546
39 0.932901 3.7559 4.5485 -0.1640 5.0756 5.4585 5.0505 4.9265 4.9073 4.9005 5.1164
40 0.948530 3.7606 4.5374 -0.1271 4.9846 5.3485 4.9573 4.8405 4.8255 4.8216 5.0222
41 0.964036 3.7649 4.5259 -0.0910 4.8961 5.2427 4.8668 4.7569 4.7457 4.7443 4.9307
42 0.978381 3.7688 4.5146 -0.0578 4.8153 5.1470 4.7844 4.6803 4.6725 4.6734 4.8473
43 0.992274 3.7725 4.5034 -0.0257 4.7376 5.0554 4.7053 4.6068 4.6021 4.6050 4.7673
44 1.007384 3.7763 4.4911 0.0085 4.6544 4.9575 4.6206 4.5281 4.5267 4.5317 4.6816
45 1.030498 3.7820 4.4719 0.0601 4.5292 4.8104 4.4931 4.4094 4.4128 4.4209 4.5527
46 1.050838 3.7867 4.4545 0.1048 4.4219 4.6861 4.3843 4.3076 4.3149 4.3255 4.4426
47 1.063712 3.7897 4.4425 0.1340 4.3521 4.6059 4.3136 4.2413 4.2508 4.2631 4.3710
48 1.081811 3.7937 4.4266 0.1733 4.2580 4.4974 4.2181 4.1520 4.1646 4.1792 4.2744
49 1.163895 3.8087 4.3562 0.3331 3.8743 4.0609 3.8301 3.7875 3.8109 3.8329 3.8820
50 1.180964 3.8116 4.3396 0.3676 3.7918 3.9686 3.7467 3.7087 3.7340 3.7575 3.7978
51 1.202092 3.8151 4.3221 0.4063 3.6991 3.8643 3.6531 3.6207 3.6483 3.6733 3.7032
52 1.209855 3.8164 4.3160 0.4209 3.6642 3.8246 3.6177 3.5875 3.6162 3.6418 3.6674
53 1.217642 3.8178 4.3096 0.4355 3.6294 3.7853 3.5827 3.5547 3.5842 3.6104 3.6320
54 1.225492 3.8192 4.3032 0.4501 3.5947 3.7462 3.5476 3.5217 3.5521 3.5790 3.5966
55 1.233471 3.8203 4.2962 0.4645 3.5599 3.7075 3.5125 3.4885 3.5196 3.5470 3.5611
56 1.242069 3.8216 4.2889 0.4797 3.5235 3.6669 3.4756 3.4536 3.4856 3.5136 3.5239
57 1.249919 3.8225 4.2814 0.4935 3.4902 3.6305 3.4421 3.4216 3.4542 3.4824 3.4901
58 1.257214 3.8233 4.2743 0.5062 3.4594 3.5972 3.4111 3.3919 3.4251 3.4537 3.4590
59 1.263406 3.8239 4.2680 0.5172 3.4326 3.5684 3.3842 3.3660 3.3995 3.4284 3.4318
60 1.268896 3.8244 4.2619 0.5271 3.4087 3.5427 3.3601 3.3428 3.3765 3.4057 3.4076
61 1.274012 3.8249 4.2563 0.5363 3.3860 3.5184 3.3372 3.3208 3.3548 3.3842 3.3848
62 1.279102 3.8254 4.2506 0.5457 3.3633 3.4941 3.3144 3.2987 3.3330 3.3626 3.3617
63 1.285163 3.8261 4.2445 0.5565 3.3368 3.4655 3.2877 3.2731 3.3079 3.3377 3.3349
64 1.294613 3.8273 4.2359 0.5735 3.2960 3.4205 3.2465 3.2340 3.2695 3.3000 3.2933
65 1.353398 3.8392 4.1903 0.6879 3.0249 3.1123 2.9721 2.9795 3.0225 3.0572 3.0159
66 1.364221 3.8406 4.1815 0.7063 2.9810 3.0635 2.9277 2.9380 2.9818 3.0171 2.9712
67 1.441552 3.8543 4.1241 0.8438 2.6545 2.6945 2.5979 2.6335 2.6838 2.7224 2.6377
68 1.450516 3.8551 4.1135 0.8601 2.6146 2.6524 2.5580 2.5951 2.6455 2.6842 2.5975
69 1.457749 3.8554 4.1039 0.8732 2.5822 2.6190 2.5255 2.5634 2.6138 2.6524 2.5649
70 1.464418 3.8555 4.0947 0.8849 2.5530 2.5894 2.4964 2.5347 2.5850 2.6235 2.5357
71 1.470753 3.8554 4.0858 0.8954 2.5264 2.5628 2.4697 2.5082 2.5582 2.5965 2.5091
72 1.476969 3.8553 4.0768 0.9054 2.5009 2.5381 2.4444 2.4827 2.5324 2.5706 2.4839
73 1.483205 3.8549 4.0675 0.9151 2.4758 2.5139 2.4193 2.4572 2.5065 2.5446 2.4589
74 1.490162 3.8545 4.0575 0.9257 2.4487 2.4877 2.3923 2.4297 2.4787 2.5167 2.4319
75 1.498486 3.8542 4.0464 0.9380 2.4174 2.4571 2.3611 2.3980 2.4468 2.4846 2.4008
76 1.514100 3.8545 4.0305 0.9592 2.3640 2.4024 2.3076 2.3452 2.3939 2.4319 2.3472
77 1.529609 3.8546 4.0144 0.9803 2.3112 2.3485 2.2548 2.2927 2.3416 2.3795 2.2943
78 1.538644 3.8540 4.0021 0.9930 2.2785 2.3171 2.2222 2.2595 2.3078 2.3456 2.2619
79 1.545154 3.8532 3.9909 1.0025 2.2534 2.2944 2.1973 2.2332 2.2811 2.3185 2.2372
80 1.550753 3.8521 3.9799 1.0108 2.2310 2.2750 2.1751 2.2094 2.2566 2.2936 2.2153
81 1.555794 3.8509 3.9691 1.0185 2.2101 2.2574 2.1545 2.1870 2.2334 2.2701 2.1950
82 1.558531 3.8501 3.9625 1.0227 2.1986 2.2481 2.1431 2.1743 2.2203 2.2567 2.1838
83 1.561275 3.8493 3.9557 1.0267 2.1870 2.2391 2.1319 2.1616 2.2071 2.2433 2.1727
84 1.564012 3.8485 3.9488 1.0309 2.1754 2.2300 2.1204 2.1488 2.1937 2.2295 2.1616
85 1.566769 3.8475 3.9416 1.0351 2.1636 2.2210 2.1088 2.1356 2.1800 2.2155 2.1502
86 1.569572 3.8465 3.9341 1.0393 2.1515 2.2120 2.0970 2.1221 2.1659 2.2010 2.1387
87 1.572479 3.8454 3.9262 1.0435 2.1392 2.2029 2.0849 2.1083 2.1514 2.1862 2.1269
88 1.575500 3.8442 3.9181 1.0480 2.1266 2.1936 2.0725 2.0940 2.1365 2.1708 2.1148
89 1.578669 3.8430 3.9097 1.0526 2.1134 2.1839 2.0597 2.0792 2.1210 2.1550 2.1023
90 1.582024 3.8418 3.9009 1.0573 2.0997 2.1739 2.0463 2.0638 2.1048 2.1384 2.0892
91 1.585592 3.8406 3.8917 1.0623 2.0853 2.1633 2.0322 2.0475 2.0879 2.1211 2.0755
92 1.589364 3.8392 3.8821 1.0676 2.0704 2.1523 2.0175 2.0306 2.0701 2.1029 2.0611
93 1.593352 3.8378 3.8720 1.0731 2.0547 2.1409 2.0022 2.0131 2.0517 2.0840 2.0463
94 1.597515 3.8363 3.8618 1.0788 2.0386 2.1290 1.9865 1.9949 2.0327 2.0645 2.0309
95 1.601798 3.8348 3.8512 1.0845 2.0221 2.1171 1.9704 1.9763 2.0133 2.0446 2.0152
96 1.606145 3.8333 3.8403 1.0903 2.0056 2.1052 1.9542 1.9576 1.9937 2.0244 1.9995
97 1.610532 3.8317 3.8293 1.0961 1.9890 2.0933 1.9380 1.9388 1.9739 2.0041 1.9837
98 1.614926 3.8301 3.8183 1.1019 1.9725 2.0816 1.9219 1.9200 1.9542 1.9838 1.9679
99 1.619271 3.8285 3.8073 1.1077 1.9562 2.0701 1.9061 1.9016 1.9348 1.9638 1.9526
100 1.623552 3.8269 3.7963 1.1133 1.9401 2.0588 1.8906 1.8834 1.9156 1.9440 1.9374
101 1.627732 3.8252 3.7856 1.1188 1.9244 2.0477 1.8752 1.8655 1.8967 1.9244 1.9224
102 1.631778 3.8237 3.7748 1.1243 1.9087 2.0368 1.8600 1.8478 1.8781 1.9051 1.9076
103 1.635720 3.8223 3.7645 1.1299 1.8929 2.0252 1.8446 1.8300 1.8594 1.8859 1.8925
104 1.639356 3.8210 3.7548 1.1355 1.8773 2.0132 1.8292 1.8127 1.8413 1.8673 1.8775
105 1.642554 3.8200 3.7462 1.1411 1.8621 2.0009 1.8144 1.7962 1.8242 1.8498 1.8629
106 1.645360 3.8193 3.7388 1.1466 1.8475 1.9883 1.8000 1.7807 1.8083 1.8337 1.8486
107 1.647786 3.8191 3.7328 1.1519 1.8335 1.9750 1.7861 1.7663 1.7938 1.8190 1.8347
108 1.649765 3.8192 3.7288 1.1571 1.8205 1.9614 1.7730 1.7536 1.7812 1.8065 1.8217
109 1.651297 3.8198 3.7264 1.1620 1.8089 1.9481 1.7612 1.7427 1.7705 1.7961 1.8097
110 1.652440 3.8206 3.7255 1.1664 1.7984 1.9352 1.7505 1.7333 1.7617 1.7875 1.7989
111 1.653311 3.8216 3.7255 1.1706 1.7890 1.9226 1.7407 1.7253 1.7542 1.7805 1.7889
112 1.653338 3.8218 3.7257 1.1713 1.7875 1.9205 1.7391 1.7241 1.7532 1.7795 1.7873
113 1.653358 3.8220 3.7260 1.1720 1.7857 1.9177 1.7372 1.7226 1.7518 1.7784 1.7852
114 1.653369 3.8223 3.7263 1.1727 1.7840 1.9153 1.7355 1.7213 1.7507 1.7773 1.7835
115 1.653379 3.8225 3.7266 1.1735 1.7824 1.9126 1.7337 1.7200 1.7495 1.7763 1.7817
116 1.653393 3.8230 3.7272 1.1745 1.7801 1.9092 1.7313 1.7183 1.7481 1.7751 1.7792
117 1.653412 3.8233 3.7278 1.1755 1.7780 1.9058 1.7290 1.7167 1.7467 1.7738 1.7768
118 1.653432 3.8237 3.7284 1.1765 1.7758 1.9024 1.7267 1.7151 1.7453 1.7726 1.7745
119 1.653456 3.8242 3.7290 1.1777 1.7733 1.8984 1.7240 1.7133 1.7437 1.7712 1.7716
120 1.653482 3.8248 3.7300 1.1791 1.7704 1.8937 1.7209 1.7111 1.7420 1.7697 1.7685
121 1.653510 3.8253 3.7308 1.1804 1.7676 1.8892 1.7180 1.7091 1.7402 1.7682 1.7654
122 1.653540 3.8261 3.7320 1.1822 1.7639 1.8832 1.7141 1.7065 1.7380 1.7662 1.7613
123 1.653573 3.8268 3.7331 1.1839 1.7603 1.8775 1.7102 1.7038 1.7357 1.7643 1.7573
124 1.653608 3.8276 3.7345 1.1859 1.7562 1.8707 1.7059 1.7009 1.7332 1.7622 1.7528
125 1.653643 3.8286 3.7361 1.1881 1.7516 1.8633 1.7011 1.6977 1.7306 1.7599 1.7477
126 1.653677 3.8296 3.7378 1.1906 1.7467 1.8550 1.6958 1.6943 1.7279 1.7574 1.7422
127 1.653711 3.8309 3.7399 1.1932 1.7414 1.8460 1.6901 1.6907 1.7248 1.7549 1.7362
128 1.653744 3.8321 3.7422 1.1962 1.7354 1.8360 1.6838 1.6868 1.7215 1.7520 1.7296
129 1.653771 3.8335 3.7447 1.1994 1.7290 1.8249 1.6770 1.6824 1.7180 1.7489 1.7224
130 1.653794 3.8352 3.7475 1.2030 1.7217 1.8127 1.6695 1.6777 1.7140 1.7456 1.7144
131 1.653808 3.8370 3.7507 1.2071 1.7140 1.7994 1.6611 1.6727 1.7099 1.7419 1.7056
132 1.653815 3.8389 3.7541 1.2113 1.7055 1.7849 1.6523 1.6672 1.7054 1.7380 1.6962
133 1.653805 3.8410 3.7576 1.2162 1.6960 1.7689 1.6423 1.6609 1.7001 1.7333 1.6856
134 1.653784 3.8432 3.7612 1.2213 1.6859 1.7519 1.6316 1.6543 1.6945 1.7284 1.6744
135 1.653749 3.8455 3.7652 1.2267 1.6752 1.7341 1.6206 1.6473 1.6886 1.7231 1.6627
136 1.653700 3.8479 3.7691 1.2324 1.6641 1.7157 1.6089 1.6400 1.6823 1.7175 1.6503
137 1.653637 3.8504 3.7729 1.2384 1.6525 1.6966 1.5967 1.6322 1.6756 1.7116 1.6375
138 1.653565 3.8528 3.7766 1.2444 1.6406 1.6773 1.5844 1.6243 1.6686 1.7052 1.6244
139 1.653485 3.8553 3.7803 1.2507 1.6284 1.6576 1.5717 1.6162 1.6614 1.6988 1.6110
140 1.653397 3.8577 3.7838 1.2570 1.6160 1.6379 1.5589 1.6077 1.6539 1.6920 1.5974
141 1.653306 3.8602 3.7871 1.2633 1.6035 1.6181 1.5460 1.5992 1.6463 1.6850 1.5838
142 1.653213 3.8626 3.7902 1.2698 1.5910 1.5983 1.5330 1.5906 1.6386 1.6779 1.5700
143 1.653122 3.8651 3.7936 1.2765 1.5778 1.5776 1.5195 1.5817 1.6305 1.6705 1.5557
144 1.653048 3.8677 3.7971 1.2831 1.5651 1.5574 1.5063 1.5731 1.6229 1.6635 1.5418
145 1.653000 3.8679 3.8012 1.2800 1.5733 1.5649 1.5146 1.5816 1.6316 1.6724 1.5499
146 1.652897 3.8665 3.8027 1.2726 1.5898 1.5858 1.5312 1.5955 1.6451 1.6855 1.5670
147 1.652789 3.8647 3.8033 1.2651 1.6062 1.6074 1.5478 1.6089 1.6580 1.6979 1.5842
148 1.652680 3.8628 3.8031 1.2576 1.6223 1.6293 1.5643 1.6218 1.6703 1.7097 1.6013
149 1.652576 3.8605 3.8015 1.2500 1.6380 1.6520 1.5804 1.6337 1.6814 1.7203 1.6181
150 1.652483 3.8572 3.7952 1.2430 1.6506 1.6744 1.5936 1.6409 1.6874 1.7254 1.6323
151 1.652414 3.8525 3.7782 1.2412 1.6484 1.6860 1.5922 1.6312 1.6758 1.7124 1.6323
152 1.652351 3.8488 3.7594 1.2451 1.6338 1.6827 1.5784 1.6111 1.6538 1.6891 1.6195
153 1.652287 3.8460 3.7418 1.2515 1.6142 1.6716 1.5594 1.5873 1.6285 1.6630 1.6014
154 1.652238 3.8430 3.7237 1.2576 1.5948 1.6613 1.5408 1.5635 1.6032 1.6367 1.5835
155 1.652226 3.8394 3.7039 1.2630 1.5769 1.6546 1.5236 1.5400 1.5778 1.6103 1.5673
156 1.652267 3.8354 3.6841 1.2670 1.5622 1.6522 1.5100 1.5194 1.5553 1.5863 1.5548
157 1.652351 3.8317 3.6669 1.2693 1.5519 1.6534 1.5006 1.5038 1.5376 1.5673 1.5465
158 1.652461 3.8285 3.6531 1.2706 1.5453 1.6564 1.4948 1.4926 1.5247 1.5532 1.5414
159 1.652586 3.8259 3.6417 1.2711 1.5410 1.6603 1.4913 1.4846 1.5152 1.5427 1.5386
160 1.652720 3.8236 3.6324 1.2713 1.5382 1.6645 1.4893 1.4787 1.5079 1.5344 1.5370
161 1.652861 3.8216 3.6244 1.2712 1.5363 1.6687 1.4880 1.4740 1.5020 1.5278 1.5362
162 1.653466 3.8162 3.6032 1.2711 1.5310 1.6799 1.4844 1.4614 1.4863 1.5098 1.5338
163 1.654078 3.8114 3.5851 1.2703 1.5283 1.6920 1.4831 1.4524 1.4742 1.4956 1.5336
164 1.654690 3.8068 3.5683 1.2688 1.5277 1.7063 1.4841 1.4455 1.4643 1.4838 1.5355
165 1.655296 3.8021 3.5521 1.2664 1.5294 1.7238 1.4875 1.4410 1.4566 1.4740 1.5401
166 1.655890 3.7973 3.5365 1.2628 1.5343 1.7449 1.4941 1.4395 1.4516 1.4669 1.5478
167 1.656470 3.7924 3.5223 1.2578 1.5430 1.7706 1.5047 1.4419 1.4505 1.4634 1.5594
168 1.657024 3.7874 3.5094 1.2512 1.5562 1.8013 1.5198 1.4488 1.4537 1.4640 1.5756
169 1.657543 3.7825 3.4982 1.2425 1.5744 1.8375 1.5401 1.4607 1.4618 1.4696 1.5970
170 1.658018 3.7776 3.4894 1.2320 1.5978 1.8787 1.5655 1.4780 1.4753 1.4805 1.6235
171 1.658445 3.7730 3.4832 1.2197 1.6260 1.9244 1.5958 1.5007 1.4940 1.4968 1.6548
172 1.658824 3.7687 3.4799 1.2061 1.6583 1.9732 1.6302 1.5279 1.5177 1.5179 1.6899
173 1.659158 3.7648 3.4788 1.1912 1.6940 2.0245 1.6678 1.5590 1.5450 1.5431 1.7283
174 1.659456 3.7612 3.4802 1.1756 1.7320 2.0769 1.7077 1.5930 1.5758 1.5718 1.7689
175 1.659726 3.7577 3.4825 1.1596 1.7716 2.1307 1.7491 1.6286 1.6083 1.6023 1.8110
176 1.659978 3.7546 3.4865 1.1431 1.8124 2.1845 1.7916 1.6661 1.6426 1.6348 1.8541
177 1.660214 3.7514 3.4904 1.1266 1.8537 2.2393 1.8347 1.7039 1.6774 1.6678 1.8977
178 1.660445 3.7484 3.4948 1.1100 1.8954 2.2942 1.8782 1.7422 1.7127 1.7014 1.9417
179 1.660678 3.7452 3.4985 1.0937 1.9369 2.3495 1.9216 1.7801 1.7476 1.7345 1.9856
180 1.660932 3.7417 3.5007 1.0778 1.9776 2.4052 1.9644 1.8171 1.7811 1.7661 2.0289
181 1.661236 3.7378 3.4997 1.0628 2.0163 2.4615 2.0056 1.8514 1.8114 1.7942 2.0707
182 1.661633 3.7328 3.4932 1.0497 2.0510 2.5181 2.0436 1.8809 1.8359 1.8159 2.1093
183 1.662077 3.7278 3.4785 1.0447 2.0657 2.5546 2.0617 1.8903 1.8403 1.8175 2.1280
184 1.662545 3.7231 3.4555 1.0490 2.0573 2.5667 2.0566 1.8772 1.8223 1.7967 2.1233
185 1.663007 3.7194 3.4272 1.0622 2.0266 2.5524 2.0287 1.8426 1.7837 1.7559 2.0956
186 1.663423 3.7166 3.3976 1.0808 1.9823 2.5204 1.9864 1.7955 1.7335 1.7041 2.0535
187 1.663802 3.7145 3.3686 1.1016 1.9323 2.4796 1.9382 1.7436 1.6791 1.6486 2.0053
188 1.664156 3.7127 3.3402 1.1232 1.8800 2.4351 1.8874 1.6896 1.6232 1.5918 1.9545
189 1.664487 3.7113 3.3128 1.1451 1.8271 2.3888 1.8357 1.6353 1.5672 1.5350 1.9028
190 1.664804 3.7100 3.2861 1.1666 1.7748 2.3425 1.7846 1.5818 1.5121 1.4792 1.8517
191 1.665116 3.7089 3.2601 1.1878 1.7234 2.2969 1.7344 1.5292 1.4580 1.4243 1.8014
192 1.665428 3.7076 3.2343 1.2088 1.6723 2.2516 1.6844 1.4769 1.4044 1.3700 1.7513
193 1.665744 3.7064 3.2089 1.2297 1.6214 2.2063 1.6347 1.4249 1.3510 1.3160 1.7016
194 1.666061 3.7053 3.1835 1.2505 1.5708 2.1612 1.5850 1.3733 1.2979 1.2622 1.6520
195 1.666380 3.7042 3.1584 1.2713 1.5204 2.1161 1.5357 1.3217 1.2451 1.2087 1.6026
196 1.666701 3.7030 3.1334 1.2919 1.4702 2.0712 1.4865 1.2704 1.1924 1.1555 1.5534
197 1.667025 3.7020 3.1086 1.3125 1.4202 2.0264 1.4376 1.2193 1.1401 1.1026 1.5044
198 1.667349 3.7009 3.0839 1.3329 1.3705 1.9821 1.3889 1.1686 1.0880 1.0499 1.4557
199 1.667675 3.6998 3.0594 1.3533 1.3210 1.9378 1.3405 1.1181 1.0363 0.9975 1.4072
200 1.668003 3.6988 3.0350 1.3735 1.2718 1.8937 1.2924 1.0679 0.9847 0.9453 1.3589
201 1.668330 3.6977 3.0106 1.3938 1.2227 1.8499 1.2443 1.0177 0.9333 0.8934 1.3109
202 1.668660 3.6967 2.9864 1.4139 1.1739 1.8064 1.1966 0.9679 0.8822 0.8415 1.2631
203 1.668990 3.6956 2.9620 1.4339 1.1253 1.7634 1.1491 0.9182 0.8311 0.7899 1.2155
204 1.669321 3.6945 2.9376 1.4540 1.0769 1.7206 1.1017 0.8686 0.7802 0.7384 1.1681
205 1.669651 3.6934 2.9134 1.4740 1.0285 1.6779 1.0545 0.8192 0.7294 0.6869 1.1208
206 1.669983 3.6923 2.8891 1.4939 0.9804 1.6356 1.0075 0.7700 0.6789 0.6357 1.0736
207 1.670313 3.6912 2.8647 1.5139 0.9322 1.5932 0.9604 0.7207 0.6283 0.5844 1.0266
208 1.670646 3.6900 2.8405 1.5338 0.8842 1.5512 0.9136 0.6717 0.5779 0.5334 0.9797
209 1.670977 3.6889 2.8162 1.5536 0.8362 1.5092 0.8668 0.6226 0.5274 0.4822 0.9328
210 1.671308 3.6878 2.7919 1.5735 0.7885 1.4674 0.8201 0.5736 0.4771 0.4312 0.8861
211 1.671639 3.6867 2.7675 1.5934 0.7406 1.4256 0.7735 0.5247 0.4268 0.3801 0.8395
212 1.671969 3.6855 2.7431 1.6134 0.6929 1.3841 0.7270 0.4757 0.3764 0.3290 0.7928
213 1.672299 3.6844 2.7187 1.6332 0.6452 1.3427 0.6806 0.4270 0.3262 0.2781 0.7463
214 1.672630 3.6832 2.6944 1.6530 0.5977 1.3015 0.6344 0.3783 0.2761 0.2273 0.6999
215 1.672961 3.6821 2.6699 1.6729 0.5501 1.2603 0.5882 0.3296 0.2259 0.1764 0.6535
216 1.673290 3.6809 2.6454 1.6928 0.5026 1.2193 0.5420 0.2810 0.1758 0.1255 0.6073
217 1.673357 3.6806 2.6406 1.6967 0.4933 1.2113 0.5329 0.2714 0.1659 0.1154 0.5981
218 1.673424 3.6804 2.6356 1.7007 0.4837 1.2030 0.5236 0.2616 0.1559 0.1052 0.5888
219 1.673489 3.6802 2.6308 1.7047 0.4742 1.1949 0.5144 0.2519 0.1458 0.0950 0.5796
220 1.673556 3.6799 2.6259 1.7086 0.4647 1.1867 0.5052 0.2421 0.1358 0.0848 0.5703
221 1.673622 3.6797 2.6209 1.7126 0.4552 1.1785 0.4960 0.2324 0.1258 0.0746 0.5611
222 1.673689 3.6794 2.6160 1.7166 0.4457 1.1704 0.4867 0.2226 0.1157 0.0644 0.5517
223 1.673755 3.6792 2.6111 1.7206 0.4362 1.1623 0.4775 0.2129 0.1057 0.0542 0.5425
224 1.673821 3.6790 2.6061 1.7246 0.4267 1.1541 0.4683 0.2032 0.0957 0.0441 0.5333
225 1.673889 3.6788 2.6013 1.7285 0.4173 1.1461 0.4592 0.1936 0.0857 0.0340 0.5241
226 1.673956 3.6785 2.5964 1.7325 0.4080 1.1380 0.4502 0.1840 0.0758 0.0238 0.5150
227 1.674606 3.6762 2.5497 1.7702 0.3182 1.0613 0.3630 0.0921 -0.0190 -0.0724 0.4277
228 1.675243 3.6740 2.5053 1.8060 0.2333 0.9893 0.2805 0.0049 -0.1089 -0.1639 0.3450
229 1.675837 3.6720 2.4653 1.8382 0.1573 0.9252 0.2069 -0.0731 -0.1894 -0.2458 0.2711
230 1.676441 3.6700 2.4260 1.8696 0.0834 0.8633 0.1356 -0.1488 -0.2677 -0.3256 0.1994
231 1.677026 3.6683 2.3913 1.8974 0.0181 0.8090 0.0725 -0.2158 -0.3371 -0.3964 0.1361
232 1.677606 3.6667 2.3616 1.9211 -0.0379 0.7620 0.0184 -0.2733 -0.3966 -0.4570 0.0817
233 1.678188 3.6657 2.3406 1.9381 -0.0780 0.7279 -0.0206 -0.3144 -0.4389 -0.5000 0.0427
234 1.678777 3.6658 2.3419 1.9378 -0.0785 0.7252 -0.0220 -0.3147 -0.4386 -0.4993 0.0416
235 1.679429 3.6691 2.4005 1.8924 0.0254 0.8065 0.0764 -0.2077 -0.3268 -0.3844 0.1414
236 1.680239 3.6706 2.4280 1.8709 0.0757 0.8476 0.1256 -0.1559 -0.2736 -0.3301 0.1903
237 1.681212 3.6697 2.4075 1.8881 0.0367 0.8164 0.0894 -0.1958 -0.3153 -0.3729 0.1530
238 1.682181 3.6696 2.4047 1.8906 0.0321 0.8144 0.0849 -0.2006 -0.3202 -0.3781 0.1486
239 1.683170 3.6669 2.3485 1.9362 -0.0752 0.7242 -0.0189 -0.3105 -0.4337 -0.4938 0.0443
240 1.684086 3.6634 2.2820 1.9891 -0.1987 0.6224 -0.1374 -0.4371 -0.5653 -0.6281 -0.0751
241 1.684922 3.6593 2.2057 2.0491 -0.3384 0.5079 -0.2716 -0.5809 -0.7147 -0.7808 -0.2102
242 1.685652 3.6555 2.1350 2.1049 -0.4676 0.4031 -0.3952 -0.7137 -0.8530 -0.9222 -0.3348
243 1.686295 3.6517 2.0633 2.1612 -0.5979 0.2979 -0.5194 -0.8477 -0.9929 -1.0653 -0.4603
244 1.686869 3.6480 1.9978 2.2124 -0.7154 0.2046 -0.6305 -0.9686 -1.1195 -1.1950 -0.5730
245 1.687376 3.6447 1.9380 2.2589 -0.8209 0.1222 -0.7296 -1.0773 -1.2338 -1.3125 -0.6739
246 1.687838 3.6412 1.8790 2.3044 -0.9236 0.0433 -0.8251 -1.1832 -1.3456 -1.4275 -0.7716
247 1.688250 3.6380 1.8224 2.3479 -1.0212 -0.0311 -0.9158 -1.2839 -1.4525 -1.5375 -0.8643
248 1.688629 3.6346 1.7662 2.3910 -1.1171 -0.1032 -1.0041 -1.3829 -1.5580 -1.6463 -0.9550
249 1.688973 3.6314 1.7114 2.4329 -1.2097 -0.1713 -1.0884 -1.4785 -1.6604 -1.7520 -1.0421
250 1.689285 3.6282 1.6578 2.4736 -1.2988 -0.2357 -1.1686 -1.5706 -1.7593 -1.8545 -1.1255
251 1.689571 3.6250 1.6053 2.5134 -1.3854 -0.2971 -1.2454 -1.6601 -1.8561 -1.9549 -1.2061
252 1.689832 3.6218 1.5543 2.5520 -1.4683 -0.3548 -1.3175 -1.7460 -1.9495 -2.0519 -1.2827
253 1.690073 3.6187 1.5040 2.5898 -1.5488 -0.4098 -1.3862 -1.8297 -2.0413 -2.1473 -1.3565
254 1.690293 3.6157 1.4552 2.6263 -1.6261 -0.4618 -1.4508 -1.9101 -2.1302 -2.2395 -1.4266
255 1.690495 3.6126 1.4076 2.6619 -1.7003 -0.5106 -1.5114 -1.9877 -2.2165 -2.3293 -1.4935
256 1.690683 3.6095 1.3605 2.6969 -1.7725 -0.5565 -1.5690 -2.0630 -2.3008 -2.4174 -1.5580
257 1.690856 3.6066 1.3149 2.7308 -1.8419 -0.5995 -1.6233 -2.1354 -2.3823 -2.5026 -1.6195
258 1.691016 3.6037 1.2701 2.7640 -1.9090 -0.6393 -1.6738 -2.2054 -2.4616 -2.5858 -1.6783
259 1.691166 3.6009 1.2264 2.7964 -1.9741 -0.6770 -1.7209 -2.2732 -2.5390 -2.6673 -1.7346
260 1.691304 3.5982 1.1840 2.8280 -2.0370 -0.7123 -1.7643 -2.3387 -2.6145 -2.7466 -1.7884
261 1.691433 3.5954 1.1424 2.8588 -2.0985 -0.7471 -1.8039 -2.4030 -2.6895 -2.8252 -1.8400
262 1.691553 3.5929 1.1017 2.8889 -2.1579 -0.7796 -1.8403 -2.4652 -2.7627 -2.9021 -1.8892
263 1.691666 3.5902 1.0621 2.9185 -2.2156 -0.8100 -1.8739 -2.5255 -2.8341 -2.9773 -1.9364
264 1.691771 3.5878 1.0232 2.9473 -2.2712 -0.8382 -1.9044 -2.5836 -2.9037 -3.0508 -1.9811
265 1.691869 3.5853 0.9855 2.9752 -2.3255 -0.8669 -1.9353 -2.6404 -2.9720 -3.1224 -2.0247
266 1.691962 3.5829 0.9481 3.0029 -2.3781 -0.8924 -1.9623 -2.6952 -3.0389 -3.1931 -2.0660
267 1.692048 3.5805 0.9117 3.0297 -2.4284 -0.9145 -1.9855 -2.7475 -3.1033 -3.2615 -2.1047
268 1.692129 3.5781 0.8761 3.0561 -2.4766 -0.9325 -2.0039 -2.7973 -3.1656 -3.3284 -2.1406
269 1.692207 3.5759 0.8411 3.0818 -2.5229 -0.9468 -2.0178 -2.8448 -3.2258 -3.3936 -2.1739
270 1.692280 3.5736 0.8070 3.1069 -2.5651 -0.9466 -2.0117 -2.8876 -3.2823 -3.4570 -2.2004
271 1.692348 3.5714 0.7737 3.1314 -2.6056 -0.9419 -1.9995 -2.9283 -3.3369 -3.5191 -2.2242
272 1.692477 3.5692 0.7412 3.1553 -2.6443 -0.9345 -1.9836 -2.9670 -3.3895 -3.5794 -2.2460
273 1.692539 3.5671 0.7090 3.1788 -2.6816 -0.9242 -1.9637 -3.0041 -3.4409 -3.6389 -2.2657
274 1.692597 3.5650 0.6778 3.2017 -2.7185 -0.9130 -1.9404 -3.0409 -3.4917 -3.6978 -2.2850
275 1.692653 3.5629 0.6474 3.2239 -2.7565 -0.9048 -1.9167 -3.0799 -3.5439 -3.7571 -2.3060
276 1.692736 3.5609 0.6178 3.2455 -2.7924 -0.8940 -1.8902 -3.1164 -3.5940 -3.8146 -2.3247
277 1.692786 3.5590 0.5897 3.2660 -2.8264 -0.8831 -1.8638 -3.1507 -3.6412 -3.8693 -2.3420

